4824
4834
3803
3573
2258
981
2161
4240
4679
3990
4505
3451
226
1905
205
337
1297
3734
710
1116
1417
3255
4006
2653
605
3383
4250
3012
4282
3759
4581
465
1630
2701
907
3542
708
953
3356
2667
4338
2577
4290
4940
4494
1242
1931
4427
4134
3385
852
1389
1990
3060
3660
3924
986
2658
1886
552
3802
4150
4771
3836
3297
1449
1962
4599
2380
2730
2921
4727
90
3438
1864
2443
3786
4262
3359
1753
3959
4203
3615
2278
4265
4992
4826
3291
1819
4890
1065
2992
3616
2378
1996
1478
531
876
4075
189
4518
4067
2749
4901
877
3893
1388
3596
3757
2385
2410
1183
1156
3102
2351
1054
1278
734
4802
1767
4601
188
4513
3839
4480
3502
3762
1810
4012
853
4246
1836
4363
2763
4819
1553
323
2440
3976
2042
525
2789
3942
1683
3124
2047
3127
1893
2933
1189
868
4542
266
1627
468
3801
2804
536
2229
4461
2849
3820
273
3264
497
2457
4604
372
2310
1519
1621
541
2377
3731
4277
4483
3639
320
2953
2612
4025
2651
493
4402
4116
1283
938
1631
1398
1667
172
1153
857
4624
4589
839
4716
3238
22
600
873
780
2630
4755
1099
4756
3880
3281
2205
3683
3783
1136
713
1111
4961
2840
2620
397
4677
1250
195
458
2772
135
4040
597
865
681
4641
3852
1785
1756
3309
3338
1875
341
1917
2669
265
4309
3558
3979
4273
4916
2216
625
2287
3641
334
3387
3633
3708
2217
4776
2176
3511
2103
2280
1260
2610
1077
4215
1374
2801
58
930
3723
2729
2246
2145
2909
571
3944
2168
224
2622
3006
4308
4381
3390
415
2955
503
1135
157
1926
1706
1376
2339
1963
1505
4832
4454
3347
604
770
3319
1311
628
1543
2588
2146
2959
3282
4407
2941
1362
4803
4783
4552
314
4768
1827
4166
45
1340
198
259
4243
3285
3198
2311
13
1127
1638
64
4247
3263
3341
3752
595
2066
2338
2567
2406
3906
1587
4712
1648
1792
678
2292
4515
1329
4975
3071
3681
2733
1909
2635
2510
2352
287
2326
3843
2447
680
4693
3182
2711
153
335
1315
3392
1501
2003
848
4302
670
2437
1029
4669
4547
3288
1897
3171
1779
1983
4745
2665
2051
594
524
1357
488
4500
3491
2926
2169
757
2313
2899
1537
1451
3684
3029
423
1527
4767
3426
3696
1061
2315
1452
3327
1215
2431
4096
118
3882
4899
2719
4022
417
3052
1337
750
396
4140
2452
1677
4257
3033
1060
3718
4387
1271
792
836
151
2186
2134
1140
4817
807
2160
1129
457
3410
1538
4521
3316
4530
3312
2226
4793
3031
1793
3256
761
3090
591
1199
3728
2347
1724
1764
2464
3501
4078
1096
4955
665
1219
75
390
4790
2297
199
2793
297
311
4209
1418
2388
2333
599
2585
3740
2106
1317
2345
1594
2189
2067
2291
898
854
4441
3087
2910
2099
3407
4137
4301
3156
2705
4555
3345
331
1455
3993
1161
4808
1036
1870
173
242
3242
824
1908
3668
1581
3092
1830
4471
2824
440
4960
477
1944
1191
4332
441
177
1049
2693
742
1964
1105
3014
4372
561
363
4848
4279
3713
1032
203
2724
4944
1853
185
3527
1363
1746
4520
1144
328
256
661
3339
2165
4785
3496
1128
70
425
2110
2700
1652
3307
3384
2376
4553
2014
1027
1861
3481
2359
2114
26
3518
532
2193
4090
4858
1523
705
3794
2736
4235
3455
3401
2494
863
4168
2807
3557
1106
4976
639
939
4061
1179
1197
958
3248
779
4218
3721
3077
4305
4580
2021
914
3509
1055
3174
2155
4375
44
2872
4432
3564
4725
1747
3583
3891
1730
872
220
4428
1934
4258
2563
2877
1087
3353
1923
2598
3519
179
3266
1022
4206
3358
2814
1986
1436
3298
672
4628
3631
2903
3180
955
4367
4849
1423
4213
2871
4165
2277
3674
1296
3239
3770
2827
2002
3483
2253
2085
4264
225
3768
50
2293
3022
4110
96
4938
3173
937
4066
18
2056
941
3730
298
1574
2550
4694
2492
2357
2746
3968
3073
4109
3900
4671
2433
2393
1649
3711
978
2641
1207
582
216
3364
3623
1798
886
2863
2686
3292
2162
315
3144
2688
1583
1925
3890
1734
1633
3590
2928
2963
3202
4315
4377
1138
982
3265
1139
437
2750
1413
1896
4770
2354
462
4476
3105
4791
3714
1784
301
945
4252
1165
1645
24
1910
2592
3094
1475
1641
3810
2832
3677
4321
1004
2565
3678
2453
344
1419
4537
3524
3326
1899
280
4170
4674
122
4310
3148
4625
4484
1907
3958
2854
633
4419
4401
4051
8
4108
3654
4633
40
103
1880
2833
2206
2218
1507
3147
1755
28
1922
2350
4106
3118
1151
105
3887
102
689
911
2094
3140
3236
608
4724
43
3342
1778
943
274
2619
368
1448
2815
3699
3350
3983
4396
3769
211
2613
2190
2370
2839
3325
4852
916
1692
1585
4915
4656
4444
4926
1948
4405
4124
1571
452
446
481
3151
4397
3126
2842
979
4749
875
835
2257
1489
4083
641
3746
2004
4596
2930
2084
3235
1369
4918
230
2073
2894
1005
2879
4504
2
2811
213
467
1783
4368
1323
2033
2144
5000
2922
3058
2977
485
155
2714
4002
322
270
1440
1276
286
3450
150
3930
1829
4034
3277
1665
915
2181
4421
2813
2870
2600
2768
3216
1203
1712
687
1465
3036
4348
3079
2361
1244
3064
719
4733
4895
3886
3386
4475
1073
4498
112
2035
2491
1033
2913
4225
4452
4622
4085
4467
4891
1526
71
3850
3323
2945
295
2256
4672
2615
1736
4455
1172
1642
145
1384
1492
4211
3747
1307
23
4999
2770
3947
3449
4825
1018
3945
1614
3435
4827
2554
940
1300
3547
778
1539
212
2766
1115
1612
447
2015
1341
4621
2465
4591
181
258
3541
4787
967
4702
3130
1241
3849
3313
3361
961
3167
2270
2274
3549
1888
1490
2527
3334
2260
1305
2379
3538
4000
3274
134
902
2506
3726
4358
592
3659
3929
1348
3065
3784
1412
1869
439
2090
1709
3026
2671
2523
753
843
3008
3168
3467
4925
3793
2917
4527
1456
1532
3486
4131
2486
2954
2436
4293
1911
3588
3523
2133
2703
4312
1812
1823
3741
1789
4196
1391
3425
1089
2596
4260
1263
4713
4637
3939
3841
1644
4866
924
4489
4684
1725
4142
3921
4949
3055
3196
1053
3447
1461
4223
901
2459
2946
1243
2309
300
3394
3837
2966
63
1639
1318
4362
2086
1622
4434
729
2697
3146
3883
4167
2836
1826
3972
123
1670
3698
77
3704
3304
1694
2828
469
3260
209
4853
3125
4160
1496
658
2784
4951
2725
2337
565
2036
812
2488
4411
815
4105
1298
1432
3444
83
3520
27
688
2591
2123
1370
412
15
2301
194
4429
4359
388
347
187
4690
4005
3960
999
2414
2994
4773
3289
285
1942
4016
3081
2164
714
2428
4008
3254
1890
2299
4092
2068
451
1464
4400
2948
896
3510
1041
2681
1979
754
4438
4810
3061
4311
377
1157
1843
631
2663
2335
3962
996
1141
3991
2430
1903
2593
1693
870
2632
1174
4420
4369
752
1208
790
4426
1247
4356
1184
1975
2526
3700
2931
2762
950
3514
1052
2063
1799
4813
2038
2479
2282
4939
3211
2869
403
4936
1365
1833
255
4198
4707
2717
3272
2321
805
1145
905
4304
4164
1446
3145
3531
2026
4506
4582
4081
2644
2738
717
2381
4533
3689
2449
4239
3643
3647
104
2213
2255
3431
802
3798
4844
2243
1210
2621
1675
445
508
2790
4948
1256
1745
4964
869
3910
603
1074
1820
171
119
4292
3662
65
3550
3107
657
4343
3422
1867
2951
126
3270
636
1092
3229
2399
2925
3373
3482
4903
3553
960
3178
730
758
393
1386
3567
1921
559
2798
3476
3210
4253
159
2018
1565
248
3667
1277
1131
3328
2838
2019
3854
4062
316
3822
2122
2728
1366
1336
1375
4035
2394
3027
2834
906
507
3842
3296
2219
903
3832
3992
1468
654
3927
3321
2810
4619
4651
550
1802
1788
1182
3533
147
137
4183
1815
4738
4033
3299
4855
2853
2470
312
3937
4977
2908
2642
2194
4585
2857
3024
615
2734
933
1518
4458
1245
4997
1262
4710
2995
798
3597
1100
1218
333
2044
2477
4333
2961
4242
54
3207
3429
4115
1625
4897
4892
526
2795
3760
3500
768
3170
4065
4384
3453
1420
2695
3143
4896
695
163
4644
1846
4278
2971
1255
11
1372
3181
455
677
1674
2419
3601
2555
405
4169
959
4648
1548
649
1858
1248
4010
4875
110
686
4325
3846
2882
3582
1596
679
2028
2937
164
3812
3669
219
749
4830
49
419
4870
4023
2082
1327
4973
2589
2495
3262
755
4200
4744
2238
4660
400
1915
2499
478
3269
1107
3771
3395
2942
4440
2935
361
4548
1480
917
2739
1887
4928
3436
1774
3694
1314
823
1167
4868
4141
751
2561
1401
1831
3050
410
466
2417
4345
4577
197
4353
429
1371
3433
4330
4698
3015
4266
3103
438
3915
2617
1980
1695
3863
2817
771
4386
1405
1701
3612
2454
4845
183
3686
1292
2180
1661
202
1173
3406
1472
1961
1941
882
2124
568
1943
2881
2131
2769
4659
998
1194
1859
3985
2080
1112
1536
965
3638
3913
1479
1333
1662
2043
3712
3185
2748
3516
1485
4474
422
2990
1050
475
1835
12
3278
1865
2646
449
4098
4983
2441
4829
3302
3609
4799
2223
4212
3030
934
2529
4559
3776
3902
3458
1946
2654
232
1232
4816
1385
1227
2221
4501
4564
3738
2041
2159
3336
2668
3735
3367
3873
1324
3374
2248
4627
1651
4111
3177
4187
3603
4113
2460
4673
3017
4074
4382
2535
519
371
4841
1920
1940
980
2662
1564
589
3480
1450
3860
3797
620
890
817
515
4571
1347
4593
1495
1857
1834
2064
4640
1620
2250
2076
4735
2471
2923
2774
3858
3974
3845
2522
2383
4435
2332
3824
4511
180
2564
2143
2970
3925
1146
4118
847
1090
3754
2538
4649
948
2505
3474
435
3116
908
2031
3779
534
4048
2403
2328
987
614
3051
1072
1091
601
4689
4996
704
217
1824
4176
4769
2116
956
2656
4732
833
1381
4687
317
692
2638
1093
2037
4551
4970
920
1360
4946
2230
1481
1120
3716
369
4057
3225
899
4752
2496
3456
4464
3575
4138
4639
4861
4263
1808
375
3862
4880
2236
1770
1294
406
1259
4731
4346
4049
2878
1168
4503
4692
1654
4869
1200
783
2740
4932
472
95
246
1951
2601
1008
3817
1742
3267
997
200
1989
4473
579
2371
1987
2384
1726
4664
4448
1534
707
3872
2100
2211
4202
1623
1331
4018
3259
2607
2543
3195
4184
1822
1325
1552
4965
1658
1251
553
1273
4952
3658
501
1590
1796
716
2569
1491
4337
1309
2964
3869
395
723
2156
4286
3984
2754
2052
1807
3396
491
1844
1171
3161
3457
4462
2876
276
1225
3303
1287
540
4914
3537
3720
3222
4287
3914
1971
3322
2263
340
3452
1118
1152
414
4104
912
2356
2716
3916
4846
3076
1291
2247
1968
4232
3871
590
2330
3128
4658
2791
1884
2032
4617
247
4076
3989
4812
3688
4761
3833
2421
545
3618
2915
2987
3199
384
1563
3475
3441
1303
4777
4663
2771
3988
231
3205
1180
208
820
2968
1544
3774
3372
763
1487
2348
4439
4579
4163
4728
1457
1991
4126
3664
3068
1872
3101
1965
69
3420
4095
995
3234
1186
3409
136
2325
2759
1997
3918
4570
4443
4307
4143
2530
3635
3834
3279
4350
539
4395
2382
3756
1441
726
4701
1334
3830
4125
2672
3709
2474
740
2904
1601
1680
4479
4993
3010
2129
1676
1918
1916
2648
1892
237
364
888
4139
2657
4276
2233
709
2520
2308
4889
630
1030
4567
3493
4514
1150
1223
756
4463
1344
4746
653
1266
16
2473
2363
860
4390
4995
1289
826
1354
350
4135
3471
3574
4562
1474
434
3835
207
1339
68
3775
1503
4355
3432
2461
3865
1085
3376
4566
1949
4556
3159
4528
4840
2234
268
3072
2599
1966
2541
1181
2294
4254
156
4424
1520
1727
2893
2809
2476
1212
1239
3847
4037
3701
4525
1871
1773
4422
2485
1513
1435
138
1257
844
2781
288
3787
2865
3525
3446
3889
4862
182
4370
2024
2185
1427
2074
4415
2755
4610
4256
2752
1373
3164
3903
4
1945
3490
2860
1476
2412
4835
81
4688
1716
352
1562
4924
1035
4486
1928
1672
2767
1312
4284
4780
4001
454
3855
4442
2249
329
2775
3789
913
133
814
1460
4237
1560
2401
1588
2533
2514
2040
574
3423
4447
1234
3923
1882
2317
33
4220
3950
2395
4789
1704
214
744
738
2369
4867
2115
2978
4162
3377
4614
4191
2462
1728
4194
3040
2583
427
1349
4182
2119
3063
1837
4554
2286
4459
160
3016
727
573
2623
4888
2949
566
2547
596
4136
1101
3821
1500
567
3
4336
4645
2760
113
4959
1737
353
4893
2179
3808
2198
623
1268
3187
3673
2741
989
3020
3805
3488
2788
3078
504
1301
1424
3468
977
4470
4261
4496
114
3781
733
4699
3894
4646
4809
2298
1214
828
3110
1705
1825
1657
2640
1364
327
554
3495
4013
2800
421
2718
3823
3201
4050
4450
533
2458
3042
4084
2126
1595
3067
2191
2154
3826
2304
2747
4695
1637
808
1076
2988
1558
1850
1313
1516
971
386
2511
2072
648
3936
3560
1972
583
272
373
1809
1927
3246
4011
1550
3378
637
1098
2659
621
4123
2578
4736
2799
3940
4856
3286
4495
4804
3809
3928
883
4174
968
664
4909
4490
2559
2726
3729
972
2027
3109
3570
4854
4686
2039
2017
3844
4445
2707
3577
4383
4173
3778
2323
563
3305
1568
3193
3117
56
387
598
1663
3566
3212
4954
3646
260
3134
4935
471
3818
3551
885
1954
3749
3934
2113
2797
3131
3986
1463
4905
3576
378
4029
1483
3815
2844
2001
1265
2303
1437
4784
3375
3111
4059
1800
1133
1499
829
3237
3772
4270
2518
2916
2132
3594
856
667
3113
785
816
2142
4230
2207
3753
1750
3324
4094
4717
2756
1801
2212
359
4274
2483
4306
560
935
671
3777
4192
4680
4538
669
1335
2389
2643
4543
3153
1295
1102
1037
227
3032
3517
2556
3584
2645
3388
2362
2586
1790
575
4219
2290
4216
1885
1080
2856
125
2101
4283
4314
1992
2573
2507
2562
4403
4613
2998
4980
1608
483
4453
2402
1196
1752
3953
838
1855
4072
4586
3463
2062
2783
3545
2773
4587
4335
1599
1193
4077
2446
4374
3628
192
4600
4299
799
413
3814
257
2225
3813
1019
4179
4128
3257
3750
2319
4643
4838
4615
556
1960
362
2956
72
2609
2135
2000
3197
3348
2252
1640
2837
326
235
2224
2698
1286
342
1938
2861
764
502
129
240
2984
3799
215
909
3337
420
3179
1069
2195
1804
2450
3097
4765
4818
825
4364
2713
2540
2831
76
2575
2455
786
4972
1535
3687
3021
577
1876
4360
4883
1429
142
223
3317
3415
4347
4657
4178
4583
3593
1782
2868
2415
4797
2413
4605
4796
4798
4638
289
3866
927
1856
2264
4204
2127
1628
2582
3571
4041
4703
391
398
4532
3637
1777
1010
894
3743
3194
370
4766
4836
3258
2365
4730
3152
1720
2444
4606
2680
4517
936
355
10
1252
4190
1866
4015
3620
655
674
3706
832
3544
1546
2835
2895
1656
1653
2548
1392
92
1075
4322
4697
4342
3293
2943
278
4568
2288
3098
3271
4652
1426
3100
1188
3807
3705
3804
1930
3250
381
1471
2262
2049
4629
1071
4313
3978
3311
2765
706
3655
3540
3795
3333
1062
2581
4055
2392
1482
1664
460
4207
4275
1175
544
2579
3062
3469
3498
291
1226
4482
928
2295
1743
453
745
2553
3192
4073
4181
777
1222
4100
731
1681
2092
4180
3139
523
4512
1847
4989
3190
2757
699
3280
1229
973
2696
184
2735
690
4535
878
718
1001
2808
2896
889
2980
4205
4004
1529
2969
2275
4958
855
1015
610
1732
1881
1014
2509
1956
4130
2929
2996
3857
2655
3247
3946
514
2079
797
1530
3462
262
2138
3439
144
476
2957
2045
2006
3840
1586
1439
691
2560
1497
1531
1685
3473
4331
1982
4272
1433
518
801
2302
3478
3879
1768
2912
1813
1619
1382
2029
846
2531
1554
2140
4994
993
284
264
4175
551
4558
887
684
2858
2220
1668
3318
2689
1400
2517
2758
3695
1669
3176
1143
4028
4828
2271
569
1525
555
584
79
3876
1246
3189
269
3898
1950
4378
4857
3644
2597
3508
994
4457
2466
4937
2053
3114
426
4053
3343
4014
1970
701
1805
1898
2889
3048
4978
2232
4650
2048
3306
2276
4681
4492
851
1070
4296
3598
4879
2745
2712
4437
1511
4811
57
2885
1020
1148
3418
25
2281
3867
3421
310
3621
2584
3091
650
1589
3648
1794
2349
3764
1190
3995
1735
3397
4487
161
2764
3568
2874
2259
1839
1094
4721
4054
2911
3393
127
966
348
267
2020
2475
4259
1540
1967
2782
32
3895
2081
3679
1261
296
2566
3413
4620
1046
4943
1678
4990
3370
1958
3563
3651
4373
3430
2500
2682
4945
4417
3093
732
307
3497
4654
98
3132
1031
2152
4714
3980
2973
2034
4594
2089
522
2914
1924
2631
2214
660
4800
675
1955
4524
3001
2265
1611
700
572
2386
3703
2346
3632
4876
517
4942
2534
4097
4449
4268
411
1063
2222
3244
2289
1346
1939
1841
542
1264
3448
537
2528
2493
4544
117
2400
1632
3003
91
4269
2786
2104
330
1258
3602
4133
3864
4839
1467
3412
618
2434
4317
4545
4550
1976
3428
736
1443
2826
4682
2487
1126
3796
3722
1697
3829
892
4754
4886
2850
34
1977
1995
4107
3971
512
1577
2503
2497
3649
94
1821
1130
4957
2120
2266
1763
4874
942
884
222
4151
2901
4578
2489
1011
1904
4021
250
4392
324
1561
627
3494
3763
1103
4418
2590
4691
154
4171
3424
3485
3800
2515
3761
2851
3608
1379
2087
1578
3243
3554
2424
1213
4751
2009
3969
4974
3966
2360
1095
2498
2139
842
3330
789
1000
3982
1302
1717
1873
2300
5
632
2023
1919
1220
2608
3881
167
3630
360
4388
2050
4376
2512
1012
4837
3363
4297
1404
2416
1469
2030
3380
2685
2778
3142
1740
2231
676
244
1109
3035
3941
3155
1549
4885
866
6
2626
1431
1610
3320
3607
3507
14
4413
3041
3408
3340
3121
3773
3351
1494
1512
2702
3368
394
143
513
2552
1459
1626
4967
2469
47
162
303
4739
229
2373
3963
4806
4114
3217
93
4882
4631
1416
489
4696
2478
3599
4089
4294
4807
3693
1555
4226
4541
2409
2704
4488
120
804
2364
4188
1592
2314
2537
1119
4574
921
2587
1883
1766
3249
712
1231
2107
1650
4720
3253
4878
3970
2197
1937
1719
480
3884
2737
947
3977
3534
2422
3122
4153
4611
4326
85
3656
703
1597
2720
862
1209
1504
1984
2242
1710
845
1721
1356
492
746
2210
3023
448
4285
772
1328
3389
1797
292
1542
4595
4685
891
2873
4922
3135
1816
2744
4782
1842
3233
2829
1687
760
3227
1828
3856
2427
4379
141
622
3559
2962
2196
932
1473
4172
193
702
2513
3133
332
3454
2344
3399
1974
4320
1780
4742
2982
2919
4540
957
3275
1852
1978
3417
3160
4398
1434
1267
2227
4431
861
3952
3443
3002
3445
1237
697
3440
1791
954
1551
2890
2273
4634
1176
1988
2841
158
897
74
2046
1723
2153
4195
354
4086
3535
4748
1845
356
433
587
402
3344
2118
4177
73
4911
2508
656
1713
4988
3715
2595
3460
3926
4334
2058
4529
2151
1673
2536
3758
3150
1320
2175
2374
2866
1913
1969
3329
3165
538
2013
2843
2368
416
1545
4052
3025
60
1932
737
1569
4451
4393
4408
2972
116
3742
4468
1775
1981
2779
174
1081
88
4678
2675
494
4923
1703
4042
3213
1573
4233
2331
2117
470
1787
1108
4609
2848
407
2059
131
975
2284
2228
4760
840
2602
619
4318
61
499
2624
505
1900
1304
4121
4244
1739
1493
2545
549
3365
2097
796
4726
1935
4792
3513
2192
2502
2796
4354
473
1575
2936
773
1007
3332
4833
3653
606
2629
696
644
3512
201
3782
3907
365
3733
4414
2611
4129
4536
1170
3149
325
2939
1377
2692
3039
1279
1338
721
831
367
1216
2320
2251
1854
1402
1009
2891
4872
4241
2666
1738
130
1533
3922
2888
3123
4499
3464
3870
19
800
97
345
4794
1714
1598
2285
4319
3095
3536
241
495
2397
1383
2792
2981
4201
385
1840
4385
2664
2396
3004
82
2820
4410
1700
2183
2551
859
1762
1659
37
4598
3932
4877
1579
3398
2618
4217
1999
281
379
3885
2907
3402
543
431
1163
3416
769
969
2353
3056
3175
3104
4626
4152
3183
2819
2708
4758
2521
3552
1462
1698
1957
4409
1428
693
1025
176
4080
4425
4132
4430
4024
1361
2148
2687
585
762
2976
2306
3400
4786
4079
3522
1953
1522
4185
4683
1274
3657
1759
3172
1832
683
3044
2423
2625
1671
1947
67
3349
1409
4157
3682
1765
1508
4778
821
3691
17
3831
3492
3561
3853
4231
443
498
3697
4546
4234
685
520
4549
2823
2691
4295
3581
1786
3459
3355
4775
1445
1624
4017
2307
626
4662
1430
4460
1606
3099
4366
724
4117
985
2141
1894
3053
3506
357
2077
78
506
3586
810
747
3136
4145
2570
2806
1470
4156
2859
3089
3487
4670
3622
4616
4987
2178
432
2083
175
3119
2121
166
4931
4087
4561
1299
4189
3610
408
1936
850
2418
1039
822
4779
3442
3956
3920
3943
2544
464
3505
3208
101
2157
2847
1394
418
2812
228
735
546
2989
4906
4481
3084
245
1121
530
3861
4708
1034
2005
3515
3951
3085
3220
3589
3005
3732
1414
1615
3819
4120
4351
2420
3252
2341
4534
2008
673
1422
1160
2425
548
1403
741
4088
1803
279
2070
3499
4912
2636
3106
3562
124
20
2683
809
3083
4248
827
3034
4280
4647
849
2202
1879
3806
1699
62
2900
3629
1358
2451
4070
319
4365
1254
2594
803
3241
263
3954
2999
39
711
1288
2272
3484
2438
4039
2411
2794
2322
1178
645
4757
1616
99
4602
3526
3019
2096
4227
2484
1154
964
3710
48
2208
806
3230
1559
4998
612
1147
4850
629
3028
3896
3652
4352
1576
306
4019
4036
2147
4044
4186
1593
3539
4224
254
313
178
2305
109
4063
2404
1772
346
3419
1166
867
3904
1158
1066
1026
66
2905
1607
3371
617
243
169
168
294
4412
4245
720
1040
4709
4271
3642
2677
4316
2818
1718
3905
4281
304
4155
436
1378
2267
210
4607
4927
3670
4588
2519
1754
3295
694
4158
4465
2731
3671
952
1230
4933
1528
900
1486
895
3935
3086
3981
1679
500
3137
1293
2539
1122
4632
1722
1617
3382
3283
1393
2069
2950
4523
2906
4497
2983
3366
1952
3666
4214
3354
638
2108
128
2240
2481
3859
1609
3503
2343
910
3692
841
1211
2721
149
4560
4910
2283
3405
308
2334
1618
1353
4148
318
3624
3645
1021
366
3578
1064
1316
3636
2639
1600
4723
3169
3675
2952
3362
1125
4288
1933
925
2407
782
1567
53
2095
3346
253
4103
1660
3672
2516
2958
2203
2938
3919
1272
3676
3215
1406
834
41
1201
4058
528
4881
2803
4821
2391
1082
4706
1498
1224
4668
4361
2918
275
87
682
3580
984
3352
1270
2576
581
487
983
3273
1605
3556
1206
3613
3725
107
2105
2627
4221
2167
456
4491
1051
3470
1629
2109
3057
1124
4068
830
4719
1013
1006
3897
2776
424
1557
2244
3605
2435
3129
970
3138
3619
1682
1634
1057
992
3828
2150
3466
4737
4805
2574
374
1228
239
3579
3046
3949
1425
3276
990
4781
4963
2136
4981
2088
1058
858
305
1045
1454
4091
1308
4519
2902
3650
1342
1906
2706
2375
976
1306
486
2387
2439
4267
4815
3335
132
1390
3331
4456
1359
1447
3204
1515
3162
2426
3434
4509
963
1877
4127
7
922
2975
1048
4222
3218
338
35
4904
4929
4666
4119
2571
2149
2986
4093
635
4101
578
1776
588
2011
1345
1187
2699
1275
4569
3082
2112
557
1056
2102
2504
2342
1198
2091
3223
4071
2355
1582
2177
1514
2694
4502
3727
4003
3933
4865
1169
3987
919
108
349
30
3785
4357
4199
3899
4328
3191
2940
358
1686
282
1636
2679
3851
1572
2171
1410
1047
2751
1959
1368
4592
3018
818
170
3314
3054
4154
2684
4563
4947
1817
3825
2245
765
1848
4493
1352
21
2022
4823
442
3206
929
3096
299
4704
1397
3663
3600
3744
1043
106
1757
2787
1078
2268
59
1088
1488
238
3875
450
2932
4557
3614
3465
4469
4394
1028
2845
2158
1380
2542
3665
3047
2468
249
1684
3209
974
1688
4238
766
4251
1760
4623
4884
3184
4197
4466
89
1811
1895
3707
1696
2647
1024
4122
4228
1343
1321
668
4913
4831
4612
4060
1281
4953
2429
4027
1566
1691
121
2805
4516
511
880
1715
3909
864
3587
2025
46
2318
1729
148
3157
4665
1350
3948
784
2965
646
3996
1874
4149
2920
4436
926
4979
2604
3528
3141
3546
4508
1993
2967
4046
1235
2897
2785
1998
1387
4750
1795
84
3591
640
586
3427
221
1114
31
4705
1290
4522
1647
482
1781
4636
881
743
1110
430
4822
3592
1195
3404
4327
1814
2235
3251
3038
3231
2549
3736
3479
1142
3640
2603
4763
4930
283
813
4433
251
3690
4478
634
1137
904
463
2490
2501
1891
4161
793
893
4934
918
4575
4774
666
2405
3957
3901
2456
4510
4608
2261
2482
2690
3391
2880
3998
2568
339
2722
562
4887
3892
196
3790
3360
4801
2993
4747
4700
4572
2209
728
146
951
3994
1901
3604
962
1217
2822
1570
2172
9
1002
527
2670
3414
3964
1332
252
4734
4406
4741
3240
791
4851
382
3268
949
3381
111
1749
1326
4655
3037
3617
1083
1355
4962
1744
2974
3308
2852
931
3555
1221
1240
3938
2927
611
2637
3013
401
2821
4894
3967
580
2012
3158
1236
4349
2709
602
1521
3070
3788
4982
2188
1973
86
4743
3120
3912
2673
3543
1580
2329
3472
4986
4759
4764
4907
2367
2130
2445
609
2892
593
1541
3530
4323
3791
1411
819
1322
409
1205
3112
3595
3965
4740
725
2128
1708
739
1282
2016
2991
613
4618
1330
4416
509
4788
2997
3745
787
1
204
1310
1396
1408
4291
3437
4038
4950
1003
3069
428
3827
1818
944
4064
4249
3287
2173
1084
1059
1086
1016
4389
4236
2572
4985
3203
2137
2204
1159
1038
2650
3917
233
293
3908
4576
3999
4898
3301
2065
2979
1771
2075
1399
2324
4814
3973
4847
4820
3007
1164
2862
2327
1269
2316
4676
1758
2867
510
1603
3931
3045
1878
4969
1113
1407
3724
218
4902
871
3680
3000
3290
4472
4900
2864
2312
1584
2886
1994
2883
1510
4300
376
837
2390
3369
2678
3961
2661
879
3911
2723
4531
2111
1351
2472
2078
1466
4711
277
2296
2254
1748
3878
4984
2875
759
1484
191
4423
2606
1280
781
3625
1284
1453
1132
1761
1421
3108
3737
2336
3088
4210
1851
389
2071
659
4324
616
2524
1868
4159
2557
3066
2761
3074
3166
4020
4289
4047
3245
3661
3548
3848
2830
529
3997
643
2884
404
1602
3228
3163
1185
1438
271
1204
698
4446
1044
642
607
663
1285
4772
1149
795
1860
2061
1192
1104
3565
4603
1477
4956
811
2055
1912
535
2947
3188
662
624
38
3261
2463
2855
4642
3529
186
4391
3059
1863
2633
722
3080
1806
4193
234
3717
4573
2715
3315
1985
570
2753
1689
2398
2887
652
1395
2201
490
1711
2780
715
4339
558
4630
3489
4653
3877
2605
2649
4082
4539
4921
991
1249
2802
496
2279
3009
1769
1591
1042
2614
1502
4371
1690
4753
4030
4718
3379
380
3411
1134
1117
4968
4485
3748
4597
2125
774
521
767
3214
2580
2467
4675
4341
4873
444
2480
309
2825
2215
36
4859
2934
2239
4863
2182
206
115
3154
4229
3838
383
1444
2960
1233
336
3811
4208
4843
4795
3611
4399
2525
2732
2634
1067
3075
4908
3011
1238
52
1733
4715
988
2727
4507
2743
1202
1643
2269
4729
2408
1741
3975
2898
2200
2098
3403
3115
2660
794
1902
4966
351
4842
3221
3755
1017
2628
3572
2924
2448
1613
1838
4045
2558
1547
3627
3751
4864
2674
4340
775
3874
2442
2358
4380
3685
651
1319
2710
4477
4069
2170
2184
4941
946
4043
4144
2093
3569
461
1162
1097
1458
3888
1524
4661
4032
290
1155
4590
4255
2944
343
474
4635
2057
100
321
1509
484
165
547
3606
190
4584
4303
3702
2187
55
1862
3792
2340
4971
1517
3200
3766
1415
3294
1889
516
1655
2742
4009
4871
152
1442
1731
2174
2166
4920
2532
3719
1123
4404
1914
51
2816
4762
1646
3868
1929
3532
1068
236
1666
2199
3226
4860
4112
4146
2010
459
139
564
2241
2163
3626
748
4526
4919
3310
4031
4147
1604
923
4329
2652
3357
3461
2060
29
80
1751
3816
3585
399
2546
1707
874
2616
4026
1556
392
302
1253
1635
647
3477
4344
2366
2432
3504
140
3634
4099
2846
1177
3186
776
788
42
4007
4056
2676
4565
1849
2372
4667
3521
3284
4917
3955
576
479
3765
3739
3219
3049
1506
261
1079
4722
1702
2007
1023
3232
3224
2237
4102
3780
4298
2985
2054
3043
3767
1367
3300
2777
4991
