5640
7106
607
318
5051
7197
2937
7612
1462
2190
9395
6079
3312
9908
2593
59
4874
973
5774
6656
3004
3016
9727
4343
20
6844
7981
166
9987
5654
176
5070
4592
9443
3446
2050
2078
7109
1696
4892
4720
8293
638
5753
5918
1374
5396
2044
3162
392
7428
6234
7973
2035
1266
710
4239
6071
7297
5304
57
1205
5794
396
5565
562
1009
2971
4610
1478
6427
5473
7720
651
3221
7807
7141
6097
8310
7943
2396
8304
864
7653
2691
6845
8392
1102
2415
7054
2857
6780
9520
5886
4550
7584
8588
4298
7731
9692
3190
84
7092
9421
6083
5925
9388
3414
1146
9929
7383
6311
2610
1637
2427
1137
9340
7787
5003
970
1541
2886
3493
5907
701
4932
1636
29
2983
4099
7436
9432
3289
1919
8971
1221
1053
5494
3259
3188
1151
9580
9437
2534
5194
4107
3827
6859
3169
8132
148
5251
3377
9198
6733
6222
7072
3170
9105
6457
6598
1554
2225
8917
6797
5033
5724
5046
5936
2767
1085
3666
7629
7615
7961
2085
3769
2576
3416
6698
861
6853
3213
1057
89
5914
9123
9868
7105
3354
1457
8918
5852
4035
448
4276
4811
4234
1785
9195
6432
3575
2823
9266
6329
8594
7748
7531
832
1934
7664
4277
3037
3851
4428
2906
2117
6156
4595
6481
6899
1586
6870
8438
7635
9772
5876
7477
2151
7311
2188
3589
5751
8704
4692
9916
7993
1190
5412
7553
522
8677
1547
3
5174
5870
4967
8146
4046
5990
927
8311
6920
8773
1404
5930
6272
9654
785
1030
4314
4254
3040
4189
388
2416
2573
7362
3232
2426
772
4380
9378
5804
4078
8640
825
8874
9822
7108
2915
2706
314
6260
9862
8295
8380
9739
2877
7637
1649
8844
690
7374
9282
4232
3118
8711
2949
5131
3852
4685
2988
2186
7822
7038
8982
2627
5434
249
6398
3762
9893
4354
7489
909
1166
3831
5888
3008
7183
9550
9162
8443
5590
3463
6512
7324
1352
1426
2668
219
3471
2193
8713
7326
2762
5982
1472
1049
153
9481
71
9408
6850
1489
4889
5543
8434
592
1401
5795
390
4618
2805
3235
3305
3942
6590
8828
1702
3918
7792
5647
7341
4002
7466
8733
3706
43
8104
919
5734
9307
5426
7706
7305
9477
2370
7851
7707
1298
8681
6906
1387
8944
9099
9753
631
6967
2111
7566
5270
8915
1493
8143
5466
1072
3358
7772
5122
8983
8491
7796
784
2066
4666
4857
9446
8149
6612
4573
7686
7624
1963
3587
1043
9456
7487
3361
3507
1755
6114
4746
2903
8088
5287
7210
4403
117
8598
5515
500
6583
998
2094
2523
2023
1070
4325
255
4786
4319
1737
6143
8121
9626
1604
8001
9518
9008
9033
1869
1522
5175
8229
9211
7467
3992
2411
8558
5145
2038
3034
5021
3124
6633
8324
6944
9670
9856
2881
4517
4881
4194
3143
9579
8706
9206
1891
4644
6618
8755
9784
8570
5743
3423
1164
9615
2840
6181
5247
8521
2314
2916
3994
135
5334
7253
5268
5484
7225
8611
1118
6818
4210
7858
2187
1304
5214
2878
5613
3175
2222
3324
4183
4519
6096
7519
6589
2087
6130
3595
6792
2852
9335
8692
609
2423
2612
2308
9426
23
4094
1542
9671
5496
4684
1837
2575
4784
8885
134
3768
3548
136
9371
1775
8353
5729
6897
5673
9768
6729
7281
3925
5392
478
917
356
9576
4880
3148
2192
4716
826
4518
8888
6423
6813
2595
3716
1663
8197
7846
6607
3756
4876
3174
983
3555
7936
7713
159
8421
1692
7755
5744
8595
9355
5829
3795
626
408
5506
9973
1524
845
8819
5671
9567
2330
464
6152
4721
2343
9268
5831
5557
8933
7776
1743
8238
871
2973
3954
5071
48
1251
8159
536
5357
1230
4323
1987
5140
7798
9343
8968
6688
8199
6179
2295
7002
567
8875
7512
8712
3962
8432
4414
8726
7261
3253
559
1880
6183
9441
1553
9740
6971
6171
7537
5402
580
4978
5171
3304
2775
564
4497
7029
4341
485
9229
5199
128
8710
9292
6692
1603
4011
3787
437
3323
691
5766
366
9628
4148
6282
1294
1645
5752
2771
4801
8137
402
8691
9230
3919
9711
2406
570
9299
1860
513
7580
2520
2867
5015
8072
8618
6254
214
9153
3472
8116
3974
5611
5349
6746
6991
3369
2159
2547
6575
4193
1641
995
9913
5008
9118
3080
7539
2293
6824
6509
4568
4962
8790
5022
3179
232
2351
3201
4704
1996
9089
3391
2665
4893
6401
8243
3120
573
5649
3517
7172
4482
5456
2178
1216
9699
3413
9659
2904
7461
1094
4887
1247
7618
2648
3748
4792
7030
7774
6033
5130
1200
7290
1849
8675
2720
2710
829
1456
2034
8184
5069
1356
3412
242
2911
8843
6790
4395
9781
9397
9286
1630
8002
7221
6480
7824
7359
8318
5096
4340
9169
4047
4696
8034
6320
2473
3453
9150
1621
7206
477
944
5731
482
5537
9527
8120
2883
9227
8505
7636
3594
6131
4188
8110
2829
896
2455
4080
1609
3209
3291
9917
4965
7866
9667
446
8683
2203
4834
7535
8186
1397
1563
8454
8309
9461
9736
9688
2711
4864
8395
7325
6397
6356
2074
5420
3730
6973
7829
6139
1714
2392
5566
3901
7280
584
7065
2684
9591
862
8882
8619
6331
6554
3544
4958
5152
4902
4190
788
5359
1854
6928
1189
8767
208
8253
5757
5749
3114
252
4260
1839
3837
8585
8470
5465
6100
8254
1501
6146
9445
9946
1673
3657
4121
1983
9489
8581
139
8579
4651
4626
621
3180
5985
9166
1782
8686
9022
6749
4472
4131
2142
2469
7737
4150
1119
1480
2143
193
657
6371
8201
7962
4191
6084
2514
374
7480
6978
4847
7520
387
6104
5937
1596
4358
5539
523
8286
8538
6485
9379
4964
619
7442
5299
7500
1634
4382
4419
4782
5177
4186
3154
1836
9111
5351
3618
9036
4534
3217
2317
5802
3035
8696
5708
884
9608
2994
1569
7767
7259
6679
5726
2875
3500
4702
5776
7509
3085
4409
697
3519
2764
9624
5324
5958
3643
2157
1687
3254
3733
5502
3609
8994
3754
9472
3479
7995
9980
9588
4544
6986
5391
1769
2412
4208
1828
9700
3645
6867
56
8472
8963
5178
3699
7742
5162
5014
2480
2513
3116
1108
5102
2405
572
1156
9470
7473
2429
2248
9347
7373
7554
9999
4995
1499
4750
1278
3977
797
8402
278
1678
8036
6771
7
9135
5083
1112
9959
2072
5974
7978
2680
812
8904
5280
4597
951
8412
1893
7007
2777
8248
1186
8531
4379
9240
941
7909
9228
647
6395
2250
22
9653
6950
3750
5262
7211
9316
6048
6426
8868
8730
3208
7249
507
5578
1873
8602
4549
5248
8642
1213
8314
9655
5204
588
935
2011
3109
5203
1483
2969
9471
6251
5995
1862
3615
8503
8523
9643
6338
7919
4048
1258
540
849
2126
8502
6918
3435
2726
9529
6359
9234
3334
2163
1007
6247
7463
4470
8834
7080
1427
4867
9637
2755
1948
2583
4498
3322
4992
2090
2486
9055
9783
2398
9724
7903
7104
1928
2666
4209
4005
2291
7616
5265
5955
9273
7035
8108
6046
7164
7726
2093
9967
781
9765
4994
9935
4065
2277
1884
4667
9170
815
3557
6486
5278
7268
1231
2006
8794
6789
9365
1173
7704
3526
5706
8745
5222
8176
4246
9438
3003
2737
5585
2287
1253
1514
2577
7235
7347
3171
7596
3231
3407
8740
1728
205
1254
5301
8439
2830
891
6809
5421
4140
7810
6563
307
1285
1424
3702
6499
1572
7220
817
8584
8869
2718
3782
1671
5750
9812
1582
5709
3186
6702
7914
350
2591
2338
2174
4436
2765
7306
3746
1931
7687
1089
2834
7557
6321
9059
9462
7729
4634
1848
475
7410
5862
5216
4243
283
4929
4074
6316
3961
9448
757
2529
745
277
5239
8894
3744
5530
1439
5232
461
4306
7723
2147
6879
5185
433
8906
4275
850
7501
4327
8385
2788
2465
5921
9843
9040
2736
2528
1968
4433
8401
7095
8157
7649
1717
3966
9958
5009
4528
5910
2728
6394
7284
571
2909
6664
7355
5636
5867
2331
9494
3613
6337
4192
2394
6514
4947
146
5436
68
7062
5605
238
5448
2620
2130
5243
320
3845
9401
7478
5369
7556
415
4089
1420
8325
6300
300
4670
7445
6812
7056
5040
7804
5113
6484
2826
4888
7158
2135
9875
1648
3029
7678
5564
1082
2282
1121
8016
5949
600
1877
3667
2921
3230
9645
8699
5507
6101
645
923
8114
8703
9315
4302
1818
8725
5264
1012
9634
1599
1333
7167
5809
3698
1660
3554
3150
979
7329
9103
9451
1312
2172
404
5462
6402
4658
6045
3321
527
2334
6983
5474
7224
8356
4616
1800
7229
4755
9730
8616
9275
3340
2638
7475
4412
5509
3283
1081
4040
2752
8396
8506
4087
8606
5300
1052
2081
9927
8905
965
6804
3897
734
3351
9510
8951
960
3627
3601
61
8520
680
8468
6868
9312
6860
2858
557
3210
4228
3866
6929
8474
9695
4223
3775
7550
8414
3989
9058
69
2785
576
5414
7603
8898
5004
5854
2792
6882
7860
7119
62
192
8372
9873
840
790
2176
2273
9104
3981
2849
2584
398
5319
7823
8991
6977
7400
8152
6751
7241
7112
6909
9746
1061
2056
1668
8035
7876
7518
4357
8978
8929
608
2686
2182
4344
2541
8550
8649
2068
5574
3734
9357
1204
6221
9117
6199
3711
7451
3101
7130
9593
8758
9094
6080
108
9722
2177
8775
1443
6226
7266
2278
3765
4282
2550
4988
1754
4413
5415
1240
5181
2342
2476
5038
1539
8674
2624
3113
9133
1753
6803
4145
4305
1487
1924
9158
9598
992
9548
9761
9125
9101
3243
3884
1271
6385
5252
4126
4063
8527
7758
4751
7078
3273
3810
6136
5620
4599
9220
7752
9274
3400
4092
3841
3053
9145
853
4645
1413
5789
1471
9256
8779
55
5344
5606
4434
8013
9439
1242
1732
5089
9764
1087
7681
2328
6641
5410
9994
4552
1092
8478
7456
1039
463
2974
2053
9806
8608
5839
6148
7682
7960
8964
5963
476
3543
9041
3286
7504
4668
7243
5208
1628
6846
400
1824
8271
37
1165
6132
4274
7744
6451
6732
6837
2604
8651
9978
4654
5521
7417
2813
8590
6384
9644
7828
1768
9630
7094
1909
6757
6655
317
8462
1370
679
7972
3843
1676
2714
9265
7632
5413
7954
9845
1680
8358
1179
7794
6675
7967
5427
2685
3370
6902
6775
6677
426
7028
2425
7991
6822
8638
4279
8684
2259
4130
7122
3339
715
4624
6539
5407
6561
9157
6750
2471
9807
6351
9543
9411
4832
6814
2761
882
8504
8113
7660
5710
9536
19
6476
6961
9305
7396
1870
2456
736
8688
9831
2667
879
8960
3673
9663
1517
8811
1736
7595
2265
1973
5282
6310
6129
7592
6172
7939
872
4416
3147
4098
185
4076
5922
6065
4773
5674
4410
6458
674
2656
3993
58
7514
9161
1581
2018
7145
3249
9276
1129
2782
9339
2524
8776
976
7975
959
3049
2588
4235
4725
7352
9561
7457
6736
3608
5409
5126
1170
708
2693
1149
8835
7832
539
9177
3303
8836
5531
1433
7999
4722
178
8182
9865
1331
7698
2809
2223
8987
4542
7330
7150
7718
8028
1373
5163
8296
5511
3633
9596
8115
2866
3067
9600
3960
3142
4522
6581
8056
1021
3758
3099
1886
2092
7131
3329
4649
9309
3512
5625
5090
5630
1850
6877
5125
3020
5418
2213
6279
4660
6413
7513
6926
3590
6296
8471
8822
2719
5863
1666
5723
6187
3799
2400
926
6264
3680
6523
7820
1776
7483
31
7931
778
2838
7169
2012
5149
8895
6901
2315
2241
5534
6257
1640
938
1236
7314
3309
6579
6645
4830
33
6340
8557
324
5524
7387
4267
4075
2040
505
3350
3779
761
9450
3538
5292
4941
3508
2100
6520
7333
5568
4640
8158
2107
7735
9951
9303
1902
3829
5841
7667
5828
3376
1602
3638
6772
9911
6190
7430
7797
2917
1345
2408
8716
726
5800
9506
1559
4578
2787
1090
1635
7163
4693
688
6603
791
1327
8098
8252
9948
9142
1670
5760
3784
8832
8878
4175
9093
9554
1490
9592
9988
376
5532
9247
7262
1797
3233
8202
5055
2358
9619
49
875
1091
6460
6169
6030
9794
1573
1545
8858
8562
235
2652
1584
6348
9179
782
4823
3949
7623
9029
9942
8416
9823
2319
1508
5928
7419
8029
5740
9496
7821
1606
3661
47
1653
2255
4908
6259
4220
5191
4831
1305
7830
5483
2491
9377
6531
5844
130
9798
229
7237
5047
6872
717
172
8976
4614
6800
4948
5354
7348
6216
8559
3824
4221
2692
9769
6334
5043
7409
4821
1550
8071
4837
1895
4440
4936
5408
4833
6147
9522
2549
6614
7044
225
3647
1224
8332
7699
7209
3135
6627
4216
100
6134
5965
4819
9755
7809
7620
9657
4558
5192
7096
4377
4225
7434
4567
2158
6191
4156
503
4883
9151
8816
8095
1153
5627
956
4808
1669
3398
4008
2233
1116
46
6135
8060
6521
5493
5970
6935
4991
4438
3880
5341
4917
8956
1139
8340
9057
7110
5997
1299
5376
6366
4082
7366
5634
8033
4448
9895
4116
5929
8061
9849
3515
5136
5623
5450
7857
1697
954
6180
7555
4738
1748
3195
8501
1980
8685
8241
4563
8480
1701
1858
6062
4529
989
2019
7695
132
7610
9313
4611
2054
7910
4408
8826
9314
6631
8109
3996
2169
2931
2841
9184
5361
3223
760
9389
2032
5077
3076
3296
7010
4483
4015
6431
7926
5881
9728
4290
9373
8328
7683
7149
7716
885
6021
91
9385
613
6958
4196
4322
1295
3409
497
344
1051
1650
5061
8784
2635
6726
3364
4739
2731
5217
1429
5165
7102
8192
6441
6207
4199
1594
3194
285
8864
676
2825
6325
1187
126
6023
8397
5098
6769
5943
3496
254
6628
391
3367
5790
3579
1325
2390
7132
2009
7084
8017
6489
7069
5118
6874
9128
9454
1578
6662
4532
9338
26
958
8251
1960
4543
3670
7980
8200
1901
9821
7600
9154
9719
2776
1740
9504
7734
1451
8222
2694
8488
1809
2746
9197
2530
5569
5337
1365
8742
8763
97
1363
4688
4231
7177
3019
4548
2555
9516
6319
6211
8749
9344
2753
1193
6333
1048
7516
1859
7703
8005
1422
2152
8276
9894
8484
2847
3597
630
3800
167
7813
9259
6985
6734
7994
5554
5764
5486
8802
666
2481
3793
2922
239
3846
6376
6051
2254
2801
7066
3047
1950
3028
5500
2098
7190
8083
9475
2855
7574
3341
3328
6105
4108
1910
5602
3193
3745
382
7883
3603
4562
654
5240
640
5596
7524
5017
8209
4980
9502
9649
9584
3139
6468
3910
759
2160
7780
7045
9248
7344
4851
4664
3820
6781
1771
78
4120
2641
3862
7577
120
5338
1265
7120
988
8799
7390
3234
801
5399
6350
4915
2586
3128
628
1095
9360
7663
2800
6231
4766
1459
5962
9244
6849
7619
9398
9172
3192
7135
8953
2919
495
309
4717
7867
1003
9836
3872
2713
403
1336
274
7159
4968
7316
6716
1861
8386
8215
6649
3560
9084
4659
9696
233
6856
9589
4280
8715
9130
3747
6869
4726
4462
1504
6883
6795
7021
4264
8326
4347
7525
9777
8118
8966
5109
8563
6313
6467
4142
2477
8091
168
5799
443
7083
2934
8258
1100
6542
2493
3316
1802
3566
303
7271
6908
5066
7371
5570
8025
6415
3402
9869
5821
4203
9863
7576
4914
6125
2374
3331
5904
4647
7613
3551
8119
430
8133
9731
3318
9342
4179
9884
8632
6669
6720
7441
7540
3392
5713
7570
8781
2113
3125
6522
8969
3152
8852
3907
2509
851
5049
6835
8264
2450
8233
3366
5141
7407
2123
3207
4058
7317
1885
2440
1167
8388
8194
5088
9556
7492
9091
1434
4025
8623
6098
7113
724
9793
1620
8830
2041
6284
6013
1143
814
1284
1591
384
8947
2772
2327
7414
1391
3153
4331
2553
6819
3660
1441
8096
644
9381
2854
1197
9800
981
5480
4060
5285
9164
1306
8190
9698
646
6488
2444
620
6916
3988
1340
9464
7298
9611
766
1207
6447
417
7274
9328
1972
6418
7773
2204
8837
2631
348
161
4925
2722
5095
3684
4163
2619
3002
1646
323
8803
196
5629
1887
7805
7380
7559
689
5920
3513
3437
763
3871
5855
1592
813
585
1482
6764
2064
1814
6609
1799
4258
3494
8299
7214
6565
1407
9499
7746
9603
4053
2976
9519
795
3290
2882
9683
4338
9918
7247
8529
4104
9030
2229
9042
5648
3611
4733
1509
5380
3577
2862
8053
9337
819
3005
137
7171
4263
4024
3214
5746
6594
2701
2663
5812
2470
4182
5206
6392
3200
3051
9705
8112
2630
6008
9219
8979
5808
6615
7593
3380
3006
6547
6798
1642
9298
9231
739
1562
5475
3429
1558
7864
5117
3026
945
9214
4869
8390
5315
5695
4176
990
4033
1872
7479
4394
2478
6687
7389
2704
2263
5348
7801
2676
7688
5721
659
3247
8234
5826
7023
8988
8535
5250
50
9262
5254
453
2355
8508
7670
6691
1629
361
8423
9213
4723
8866
3087
3001
743
3881
8057
4019
624
2305
1343
325
4756
1055
2705
9
459
5468
9860
8413
5195
6144
4043
8593
1163
9570
2036
1282
863
2272
4712
173
4551
2055
2560
9648
7908
8648
2698
2807
2104
4356
7418
9633
8912
4740
8829
8903
8934
3155
1134
6934
519
6449
3445
1199
397
1109
5592
9676
6848
939
4240
6358
2538
3585
799
606
9430
334
9487
912
1942
1444
4974
2664
6847
1693
7381
2337
8208
937
154
1760
6473
5772
6327
8839
4514
7639
95
6154
2874
9486
5555
7061
8178
5257
266
499
4091
5289
8181
9498
2461
2561
4466
4949
8949
7070
2115
7111
2
2597
6697
928
1011
73
319
968
2380
1403
5561
3018
6387
2944
3646
1699
9011
5018
1705
5614
65
9815
7827
7368
8533
5187
3337
1826
4709
3497
9120
4368
4051
2460
7005
8428
2060
950
3956
4983
3030
6400
7647
7455
3604
2341
2827
978
7302
7265
432
5476
8261
3159
312
3794
3250
8554
1359
1022
6620
4758
8070
6680
7377
3644
6373
8625
9721
2292
6587
370
728
9016
6525
8778
807
5164
8747
3959
7058
111
4631
8038
2485
9098
8302
1519
131
7741
7000
5616
4861
2125
2539
5428
1534
5075
9888
6420
686
9049
3653
7193
5635
9555
5084
3764
7945
3157
5817
4705
5372
440
1844
8604
3360
8938
946
5114
6693
1245
1720
3717
5981
5666
1935
8225
4010
3738
6017
7634
704
502
3378
2628
4252
3999
9497
6203
2365
4767
7998
9906
1235
551
6055
5198
2519
4044
261
3612
792
7228
8512
7446
4259
5885
5255
4982
6663
2197
9818
4066
6341
3060
4911
6289
8599
3498
5241
472
5703
8226
9729
2803
5293
5092
4039
8750
561
230
3664
9068
4072
7989
7679
7356
6727
8047
9979
3877
9217
5503
2010
7589
1889
4372
3506
3069
149
8075
8303
4304
6330
1683
5353
3093
4623
8280
4764
800
3345
924
8247
251
4026
2773
7258
2521
3789
512
3438
8743
3222
8643
2453
3567
3948
379
8943
7046
7394
1588
11
6276
9424
7880
5588
6741
2839
3211
7932
2655
5619
3458
2948
8263
4960
8855
5042
5559
2992
6917
4187
6748
3499
6273
3313
5536
906
6742
6828
9190
2608
9681
4077
5242
6076
9092
5458
6225
2422
4388
2007
9757
3726
3342
997
3952
8517
4865
9261
8993
3042
245
7831
601
4539
8709
4426
6923
3073
491
6344
3206
8496
5387
1933
4360
3056
7882
7242
4342
3495
2120
4711
9617
1355
4201
486
4027
7032
7213
6283
3082
8378
3410
5451
7730
9590
3882
3311
2908
3129
8246
8546
1368
3292
9791
5653
9039
4637
6383
5397
3084
3902
8440
6873
1801
8567
5124
3399
7188
6661
2499
8544
1505
818
2532
2198
7071
5941
5024
8741
751
1536
8127
6293
8150
4775
1729
6463
9756
3946
1083
5699
3833
4753
4627
714
6884
4872
373
3909
9061
9652
3043
545
9066
2744
3460
4955
2039
888
3501
2484
3896
3630
6638
6197
7921
335
9243
660
658
8931
60
9009
5883
2206
6235
9920
8458
3546
501
5939
7913
2743
4016
3422
3853
5200
2913
3707
9523
5367
7404
8662
4311
9203
650
2990
7645
9601
4014
9459
5485
7532
4172
4535
5128
9641
8577
753
2195
1922
2678
8511
4013
4007
7363
9934
1430
8452
2285
2811
8867
8384
5085
9738
2435
3382
9940
9960
9370
8847
3489
7964
4853
5825
4594
24
7771
9005
6866
8342
7659
4067
6659
330
6425
5542
2340
5202
1840
5106
3427
4972
4155
1866
5700
828
2083
4572
4630
1018
9669
3537
9293
217
4174
9156
3440
7153
8636
1448
913
3685
1568
2220
9961
6994
7484
9006
5973
7421
2790
3108
2433
474
427
9127
4724
3985
9050
5403
2071
5169
3934
2443
4639
5889
8151
2616
8924
5912
3596
2326
4407
9241
4731
8586
8289
1455
5971
9024
327
5435
1047
6766
180
1997
354
8576
2184
7469
7789
6942
4581
3123
3452
705
9423
642
1915
2946
6683
2860
1479
468
3266
6072
1525
7508
1202
5210
9678
852
4289
4500
8959
143
9803
3282
6516
1752
5099
5676
4806
3724
4291
9925
8583
3272
7799
2279
9878
3140
257
5067
7174
8666
2482
3788
1135
9713
2335
9226
4816
5777
9515
1060
1955
9501
7924
8536
410
3639
3131
1521
5188
8350
7187
3625
7536
2569
5379
1028
2802
1964
756
1722
2902
856
535
635
7675
1406
458
3819
2806
5231
7079
7523
190
8927
5587
6266
7840
7323
7672
1881
7806
834
9531
4973
6510
5759
9666
9181
9071
5820
4292
1681
5989
9420
5857
3838
6145
5464
9573
1711
3052
8449
9810
1159
3107
7060
2679
4399
7288
5591
8757
7808
9795
8566
3252
5158
8812
4452
1077
8995
7367
7565
1380
3928
3696
4860
948
7881
9429
8751
8769
8066
5322
3486
7378
7849
6483
542
1622
2296
5651
9993
1075
6854
1293
428
2226
9511
8425
750
4554
2642
8167
8841
2260
9311
4136
3089
5704
7485
7037
4491
2544
3263
6270
8487
900
3485
1688
6747
1511
4110
74
5316
81
3017
4335
9112
8240
4850
4373
1064
6237
8463
3130
4827
9251
5567
6515
6153
9073
5597
3944
1260
4270
7594
2384
4596
4771
8801
2660
1371
5658
7765
8433
1575
515
8575
7575
6540
8612
1871
8849
5246
8553
5127
6796
2325
2896
276
6666
1460
1923
1040
8644
4135
4993
9318
3281
9001
9799
2165
1395
537
5220
7609
1708
5173
4505
9319
4556
8383
9171
4185
4109
7762
5201
342
284
1141
5103
112
3177
1096
3905
1211
8203
881
5775
7490
9301
9899
530
2980
8788
7870
6109
9932
1937
9521
9468
7561
2253
3761
454
3220
5667
3725
9829
3570
7127
5196
6004
9137
1388
4877
1042
6559
5107
2238
1292
902
2965
9362
3299
5906
369
2002
6161
5551
8689
3619
7020
6002
1730
5057
5816
7862
1063
3436
1825
8338
5767
8996
8333
2747
3980
1725
525
9025
9402
9984
2084
3922
4295
4935
4852
7677
3066
4106
7871
1158
3687
8679
8348
3791
1446
9403
7482
8658
8871
9165
7125
6471
8465
6238
9759
4345
1907
1706
8135
3163
3563
7510
4366
7413
2961
4032
1262
4886
2984
2070
6785
6685
8018
563
157
5105
9528
104
4050
45
3583
4818
9495
7614
1829
4732
8404
2284
3275
5148
1503
8522
7257
762
8940
1899
2899
2483
3470
1812
6345
1138
7892
9110
7815
1615
8237
8723
1168
9188
3674
3972
6650
8676
2901
5383
2020
6743
7219
2936
547
7384
2069
7350
5054
4299
1751
9732
4287
7351
2167
2363
3848
4794
3718
8220
7008
6110
5745
4348
4052
5638
1598
5850
889
5094
5333
36
1437
1619
211
929
79
7372
7986
9514
3693
3549
8507
1868
3911
9194
1995
1700
7464
955
1593
14
8922
2201
389
3689
8910
8614
496
347
7391
4352
5954
5540
4334
5983
7073
5927
489
5563
7712
6196
7303
3349
2466
2164
7448
8138
7585
2796
7287
2359
8524
7693
1223
2880
4103
541
6568
8344
8441
5575
4308
2300
8074
8727
3816
3651
418
3031
9415
6301
2454
1583
63
9136
241
7906
857
1274
4530
6555
1147
479
2843
8111
5010
2381
2129
6922
8698
4598
470
1793
301
9221
2413
5382
3279
8078
1321
7530
6093
1821
9173
8305
7836
9564
9881
4763
9044
6343
351
558
5186
9482
9367
2579
7338
5662
6126
4690
6714
3808
7983
6364
6962
3521
9045
2500
9218
7201
8270
6256
9425
3979
2930
1415
3023
6600
6774
3582
6782
4321
3285
2673
6893
2086
8420
3772
6381
310
4796
8092
8362
9826
3090
6913
3477
6810
7940
5296
2599
299
2516
9004
4602
7715
6214
1788
4369
9901
4248
4464
2926
8129
145
8445
3141
5160
8974
7179
2618
4795
7018
6123
2501
460
6482
921
2356
7685
2918
1114
7118
1965
1417
9281
4900
706
480
2941
1454
9735
2715
3990
4093
3529
1338
3812
2517
1192
4389
1936
7286
6647
5039
4770
2095
4817
223
4435
5
3072
8399
8213
498
1951
9291
1940
7432
1733
2211
7590
9716
4083
6703
5308
8985
4728
8122
5853
2603
8364
7521
9413
8400
8043
1515
2892
4677
7090
8889
7140
5660
1354
2146
6606
133
3710
6865
221
2005
1853
1601
8564
6092
4245
9562
4812
7602
4009
9991
377
6378
8064
3701
6474
3383
7738
5006
1050
4054
6038
7470
3387
7230
1590
4996
7053
681
6875
802
6990
8765
6629
5556
5931
2938
5664
4638
250
8509
6414
3935
4625
2769
936
1710
6673
4499
2387
9186
8418
8687
5490
7128
5025
6174
6644
737
8752
7161
4418
7786
6044
5923
414
5679
9992
9018
8381
8242
5861
3541
8179
3804
8274
260
3926
5291
3798
8059
8731
2442
8365
237
8528
6545
4938
8183
169
7839
6567
1574
2008
5062
9352
5031
4798
5692
2945
7055
553
9900
6491
8315
2393
6827
2861
7180
9209
6124
4390
3134
2336
5897
4620
5675
9458
4118
2637
6022
1904
7886
6513
683
7984
8902
2015
4402
7684
5967
7022
2653
1918
827
1647
6571
5738
6393
1375
6843
5935
2207
793
787
6342
7223
9060
2030
3683
1938
2495
6455
2889
4355
2688
1929
2789
302
6166
8945
5050
9672
8081
9599
2234
8019
4999
7668
1185
8932
3352
9488
3055
1537
4661
3112
8865
648
2224
1784
4691
907
656
1339
5632
5689
2808
3722
653
7226
7633
752
7148
9132
4836
8990
3739
8321
9064
1310
4866
395
70
4761
4884
4769
3075
8171
8807
3280
3365
3868
7076
6403
5722
3688
8872
9679
2062
9115
9043
7245
5274
6067
5684
2954
1115
632
7089
9557
6904
265
1218
298
3715
7444
7331
3778
3895
6479
9710
9909
6248
4682
9400
8702
8256
1956
1551
2928
7826
9387
9410
9202
8540
1062
7745
7157
1059
7957
3735
8117
7725
4406
7571
3536
3353
6704
8908
2457
4422
6024
5219
5716
8860
7385
106
1746
7178
3448
1428
5827
8958
3036
5823
3614
897
1900
2446
6752
182
3834
5190
2269
804
7012
5059
2958
2763
839
5824
9021
7874
4226
6074
2430
5253
2016
1656
5668
2161
9386
2179
7844
786
1659
236
2512
1488
5146
7040
5091
4224
1431
9417
3260
9885
5547
5650
3713
1986
2119
3606
9882
8813
6108
2982
8515
5633
5147
3240
664
1302
3441
1724
2804
5819
3879
8165
5519
9193
3375
5238
9750
2675
6243
713
5226
2438
3224
5580
3802
2870
6454
6347
1632
8876
8762
1337
2751
3665
40
4840
5656
4102
5968
7269
6578
4521
8884
8977
484
5320
3371
8920
9242
2760
129
3276
1350
5843
4119
5142
6940
5961
7759
2606
6063
3424
9560
1283
1661
9225
8457
3389
6357
3516
1792
3520
5343
3071
5446
1034
8172
8391
7781
5311
8347
1155
8719
3927
518
3814
5431
1845
5878
9941
617
1675
5505
1263
5317
4653
1128
9027
4285
5788
1084
2863
9805
3356
4138
7299
6185
6241
1349
9898
1241
8659
4859
5583
7129
6996
6998
5273
6077
9752
7048
9787
6088
5398
4059
9485
8090
3658
9007
1694
2768
1961
421
8361
7098
3998
8050
1396
6265
3559
8936
2905
3986
1502
3111
4100
5495
7754
7547
4757
9212
3955
4678
9148
4913
3679
6616
903
4863
6597
6173
9422
1742
9327
1318
4095
8489
2445
3050
1672
999
82
1914
1449
364
7133
8761
2268
1890
3359
809
9814
7103
2581
1657
243
3803
8290
719
7953
8891
5132
4157
7505
2067
1549
6158
3792
258
7887
7116
2649
1410
4359
4976
67
253
7900
7202
5612
7319
9693
8335
9082
292
2266
9926
1269
985
1695
8014
4211
9239
4455
844
1458
3167
4361
4215
7646
4084
3642
6770
2739
1585
9478
4748
6288
7733
6710
9915
1152
2362
3478
1332
7476
7050
1383
9252
5657
3873
1289
2024
4805
5953
9930
7234
103
9577
6328
6599
3041
6711
2121
5847
7392
1124
5681
8177
7328
3181
2542
7902
5433
4445
3100
4744
4123
6035
3395
4687
2531
3695
1506
1516
4787
423
4501
4447
5461
3826
115
1903
4479
1344
8245
7336
8437
1741
4337
639
6170
8930
3751
4486
9718
367
9399
1723
5087
5573
1038
5599
7747
8175
982
2960
1627
6591
9614
3874
3931
4896
1513
2821
4776
7719
5207
7405
9827
5154
6120
2114
6127
7607
3565
5733
4237
1013
4838
2970
6379
9149
3384
7034
7819
9015
7911
1384
4586
9023
2088
9674
3857
9141
1076
6060
4942
2614
3088
526
729
2059
2101
4236
3242
6493
4695
7788
5313
7838
2371
6410
7563
8087
8682
6556
8080
5121
5960
119
9131
504
7665
449
5541
4227
9982
1832
5358
8410
6543
6532
3842
3248
8893
4772
1303
1078
7955
5135
9650
3033
5942
3172
9051
4451
2498
810
2106
4111
5691
4269
1607
9126
2939
305
4273
7013
9003
6353
6054
6617
3237
4496
1360
4565
636
3297
4105
6470
5631
5097
7343
669
280
7938
4222
8166
1322
692
5682
9604
7004
3464
1796
1719
7397
1436
4003
2923
5197
8174
8330
6915
2391
2986
2245
4112
7756
8680
3431
4579
8405
2927
1905
2967
8169
5335
8030
2205
90
3255
7471
9503
2654
462
6029
1029
9366
7435
7608
5522
716
3077
6422
7855
1031
7601
3196
532
886
8518
5842
634
727
7966
1498
1565
2221
9706
4560
8774
3021
5390
5400
281
2702
6194
3418
9012
8125
7928
1691
6167
441
2079
6678
1447
8022
6452
9954
6852
5442
1842
5447
8379
1110
2844
5454
8003
4768
6951
8913
1597
4927
7764
3610
6596
141
1847
1564
3995
9717
8652
6786
1764
6299
8097
7604
7003
9208
7697
1949
1086
9201
9572
2232
8815
2950
7091
8359
8283
5170
4169
1348
7626
4632
7232
4907
1497
9976
6995
5068
6937
4213
21
7322
2797
7049
3525
6519
8669
1993
4718
7497
1991
8925
3599
1228
2828
2634
6601
1786
3182
8493
8495
8164
2361
7562
2243
969
7279
1952
9923
5608
9664
6831
7313
3904
4069
2449
4469
8317
9947
8650
188
3025
7198
5860
2700
529
7965
3183
4070
6165
466
2418
2289
5873
1217
5934
8153
3773
2357
4315
1463
9685
3973
7216
2552
6094
4910
1452
2791
3936
490
3096
6841
3274
7217
231
899
4681
2578
4071
2301
6535
5655
8624
4585
732
4266
7168
8856
5284
54
1685
6717
1738
2556
9517
5626
5582
202
597
6630
5133
4079
7278
3503
8408
9065
5894
9102
6306
3672
5048
4822
127
2643
2436
9842
7545
6052
7763
6805
4506
9524
9144
3420
746
7017
7676
3727
5966
4374
1512
98
2872
7042
1423
378
1679
2590
4336
5984
8354
93
6801
247
8351
8188
9545
224
7885
9010
183
2170
4256
9741
2774
8144
9095
3823
6610
328
2991
3975
1617
3821
4430
3457
873
5707
9790
4481
6708
627
8136
6433
1291
4318
5323
9028
8627
3394
2105
841
5080
160
3265
6274
5621
9167
6053
9493
3576
6894
3605
8707
7099
8134
138
9707
4956
3629
1833
9846
1852
3755
2058
3953
5538
2585
9808
4901
3671
7558
3937
9558
6192
165
9295
3434
9467
1953
943
3870
7264
528
2082
8984
8734
1412
7449
1198
3697
877
3450
1201
5548
4617
4309
8341
9809
5032
9290
6155
9272
9047
1405
1981
6375
3467
930
9280
3578
1749
2999
4734
2563
1402
3967
5748
7617
9714
9919
2727
8370
5184
4923
673
3971
6823
3737
5980
1385
3014
9325
5615
5932
5646
4262
2515
9684
1834
483
4425
9062
556
9694
9568
3110
8526
1008
3379
4655
7710
5607
7057
3325
9723
9613
5281
5052
5489
9839
611
1988
3920
5019
9354
596
156
7422
3741
6970
6150
2313
9433
811
7702
8422
6490
7016
5180
8820
9922
1432
5890
2910
694
3126
9333
7195
6696
3581
883
2332
4396
8155
768
9204
2868
9880
1346
7640
8407
5394
2535
9331
2981
8708
9020
492
7307
1998
4162
8026
7812
848
4127
1169
1896
291
3849
2633
4463
4540
9067
1379
7465
5306
8130
9505
7982
2594
1783
4253
3828
6533
1631
4536
1616
9296
1804
2894
6910
9780
1317
9553
2210
177
6496
4648
6624
3226
2890
4038
846
1739
2155
9864
6999
197
7498
2324
8560
8105
1014
4904
5685
2447
2294
2609
1611
9606
3115
6049
9989
2180
9480
7935
1779
5352
8339
6625
7026
2898
8796
5911
9380
1703
2725
5449
3930
8010
8140
13
509
3215
9232
8265
1389
9995
779
6057
7917
4173
5805
4799
7059
5915
7769
8678
4217
3729
7850
1527
8099
4495
962
4398
4161
7785
2183
565
8067
3373
4971
4576
1841
5183
2596
9086
8187
7086
2778
8320
8633
8569
4350
2794
9782
6783
5641
2770
8498
2712
6361
8530
5670
4730
9766
8909
1555
4533
3013
4906
425
8268
6945
4707
6157
1531
9866
7948
5663
5771
9532
1623
7793
735
3462
9861
294
6
5562
4700
3558
4553
8128
2671
6731
5762
181
5167
823
2759
5259
4706
8846
9279
920
1867
2080
2879
5813
7162
269
6777
8436
3086
1476
6182
6536
12
1888
9754
4022
6014
3068
3903
1970
6553
7170
2871
6040
6518
2754
3863
3443
9264
2979
6043
270
3700
2428
3655
1813
1715
7365
4332
6787
6367
7088
2045
8589
4149
1196
6262
5992
3119
9962
2951
9804
754
7680
1409
1208
2626
4981
1718
4963
6642
5108
6175
1058
5957
6667
3534
2353
3308
8634
8393
1985
6478
5452
2403
8051
6205
1
7648
4871
6287
3484
5373
1309
5153
8244
8746
5378
3815
2061
3011
649
3301
1667
7041
3127
2376
5307
3473
9320
1787
8541
6118
4802
5305
1762
2989
4204
4151
2108
2613
3390
4953
9080
5933
665
7795
6621
9840
7905
4858
2000
8403
1865
340
4288
9375
4546
2784
4480
972
1067
7051
6552
308
1561
2912
8249
1557
9304
1300
8368
6487
4045
3408
9607
9996
3145
9660
9440
6069
1150
1982
2683
8607
8759
488
4969
9100
6689
3641
2051
1243
510
6737
2814
7415
7841
1595
4643
4680
9210
9952
1690
6309
1382
3648
7308
7144
411
3621
2257
5916
8212
6840
9636
7291
9776
3654
7597
2388
6390
914
3825
6318
910
2112
1958
6363
9661
8617
4128
5714
6676
7833
3271
3743
5336
3094
9152
5422
9715
8300
1418
4641
747
8319
7947
9933
7861
1655
7491
8417
1259
3921
854
3268
5386
3095
456
451
5898
9773
2527
5143
262
2975
6570
1088
8230
7569
1372
4268
9236
5444
487
227
2014
2382
2734
7361
9640
6019
8961
1789
1507
615
8901
9435
2766
6719
4297
3854
5513
5624
164
8720
8161
1855
8009
3932
4778
6354
6503
4849
9359
569
9537
4467
2681
8671
7246
7454
6707
9034
6285
4132
2244
2299
3102
6292
7399
4633
6989
9037
1234
5445
6830
9323
1120
9384
5994
730
8808
8382
3505
311
6015
5969
2502
6694
1857
6960
4736
2073
2699
1464
3626
416
6595
847
9074
4386
5481
9745
8376
7152
9223
1020
5510
4749
2832
9014
5079
1074
7194
6360
8580
1035
8492
4367
3757
8221
712
5501
1280
1540
4674
9113
1127
2859
2309
4475
8926
9106
721
7751
4387
8810
4392
5545
2373
9751
4699
9949
7779
6042
2525
7923
4652
5737
5893
2333
7868
1917
7403
3867
7631
8479
1791
2842
4537
5871
271
5945
7240
3740
6436
3692
6695
7777
7669
88
4473
1580
7598
9428
9760
4541
3783
9858
7760
5037
359
7036
2488
1481
8697
3161
7722
5840
702
3092
1023
587
9820
85
9841
1177
9097
2200
5036
4708
5618
9838
5000
2533
6208
6980
3405
2367
6389
9054
4809
6380
9035
5488
5471
8011
1232
1530
5137
2993
4855
7987
9483
444
6160
5598
7450
7370
6011
9825
4589
1939
1222
1665
4985
7408
5917
2346
1122
3229
5950
3620
1470
9964
2230
2171
1445
7544
1286
5404
5659
8301
9857
7700
3760
2033
2574
7386
3836
5279
4017
2364
1316
6686
375
8962
2942
16
9407
2048
5736
6312
4984
9744
343
5730
6219
3097
6784
3166
1288
2474
1450
806
2540
7502
7203
6740
6573
2822
360
3807
1326
7248
142
7238
7897
3719
2935
7901
2464
2189
2625
5806
7294
6878
8107
9391
7315
9356
2565
4824
3767
8101
8701
6776
2972
3835
1301
971
1270
6335
996
8124
7185
380
8921
6377
6477
3245
2046
966
3451
6842
8345
3950
3552
3481
521
6121
7689
4609
9828
667
8724
9349
6286
1750
9997
6435
9733
6061
438
8460
9409
5735
4928
4415
9216
8236
27
1684
355
5529
6336
7015
4143
9200
895
9938
2876
6768
5298
3225
9749
5227
424
6838
3491
8065
4362
643
707
6107
1882
4458
7878
7701
7927
7971
4650
703
2258
9507
6834
655
9500
3363
4743
8453
5381
2932
947
8603
5520
8806
6919
7587
4526
8455
8089
7879
8997
7790
220
1529
200
1125
2644
5086
4835
8000
7778
381
6295
8219
6820
4404
1154
4571
7139
244
2199
4603
439
2410
8539
8957
3239
8887
4229
175
1795
8415
4029
7843
6370
9953
2102
2891
6034
3530
6632
4353
3917
9270
6037
206
1654
1324
5849
123
8600
641
246
218
6791
9187
8572
4117
7346
80
2697
8499
8427
3591
7009
3039
8999
4754
3887
6690
5652
7199
6230
3326
4868
329
6050
5866
6758
5482
7657
9308
8278
6888
2716
4036
1220
7212
5440
3104
3078
7208
3742
2437
3333
4924
2924
203
1883
3146
2869
7426
6537
3531
4921
2707
3964
9819
5833
6429
8426
4219
8475
4998
7891
546
6808
1275
4444
3786
1772
3691
6128
9837
4608
6735
2366
4961
6905
668
6056
5801
4920
2236
1747
282
2598
1219
2837
1357
2647
6281
3650
8793
599
4020
8510
8818
8329
3197
2028
1979
371
7468
2503
9569
1468
3983
7136
8371
3362
6195
6580
3677
5701
6955
8870
5228
4525
7340
9254
6508
2424
4814
6103
5150
4284
6562
8204
5076
8217
974
4943
2270
1875
5595
4303
4205
9346
4133
5688
4301
1184
4383
341
892
7327
2047
2345
6047
5584
5225
6890
8156
837
3132
5345
5711
3372
256
5002
7743
3682
534
8574
9449
8952
3805
4061
6064
3027
3714
7896
6036
2202
2217
9300
1225
6087
1017
1538
6317
4583
8998
4890
3136
6576
5432
2242
3212
6895
4785
8797
216
1927
4511
7895
5385
4218
4777
7522
3007
8012
2468
8292
5005
5072
442
8965
2029
6593
5120
3957
1682
9871
7605
2650
5045
8655
2369
9621
2303
3475
3393
4375
6651
3602
4559
5249
9083
2122
2264
4909
1500
6308
5310
4899
8756
9513
3081
4037
4478
6450
9779
901
9801
4171
7429
7481
2645
4820
6031
3346
3381
5209
7847
8551
7342
6550
9048
248
5755
9816
5687
1367
8282
6541
8411
1966
8139
9897
2884
6115
7529
9921
7503
4557
9907
6025
773
3623
2781
187
8656
696
4001
543
5571
6862
4862
1954
9974
5260
3482
481
9833
8015
4570
3455
2042
5783
1378
2386
8450
9031
9844
7321
5104
3185
8601
3044
4476
9854
1419
662
6821
9937
4049
7156
1969
3261
306
5811
7711
6765
3572
3556
6939
8235
6921
3064
209
8191
6245
2329
2389
6701
3306
8928
1191
5499
4679
6263
4293
7894
213
5572
1778
53
9129
6305
3847
8967
7081
870
9077
5728
755
3640
3947
4041
7231
5159
2695
431
3997
5467
5628
6411
2848
4613
5601
2623
3176
4030
264
2897
2815
1610
6302
9263
3488
6988
980
7196
5384
1773
859
8284
4068
7641
7952
8343
9345
5034
4493
7379
8827
4605
1967
2551
6658
2662
6572
9392
8027
8665
4873
1608
4195
6954
1180
5768
455
195
7068
1438
7690
2505
1393
3357
5347
2118
8084
3465
5998
419
6636
794
5940
9363
3137
5327
5964
5271
6307
4737
7191
8886
4997
7440
4987
1576
5176
3404
5810
9771
289
3528
7166
3749
140
2274
7462
9762
5027
8336
2672
8736
9174
7427
3914
9726
6887
685
8207
7077
4656
4848
5944
4759
9931
7848
4854
3015
5892
5696
2251
6462
7652
6227
7951
9294
8021
5610
7443
9675
6176
435
7856
7753
4441
3269
9905
2349
5526
4783
9642
3861
6826
1491
9447
2940
9778
7854
2237
7627
2166
9416
9168
3875
6314
1358
6549
1386
7402
6233
6794
5478
6586
4320
1876
8766
6009
7204
3753
2191
5417
698
949
1652
6168
8307
4600
5797
5212
3636
4247
8760
2096
9222
8298
7869
7865
2850
2421
3022
5374
9945
2920
8717
6026
2354
1037
738
3662
4841
9629
625
337
110
6829
3461
5288
151
9638
3149
4364
1486
4580
9890
7708
603
2856
8020
8357
2459
4612
7655
5302
5741
2448
9374
2103
7872
4701
2089
1808
9725
2283
6668
8771
2420
5661
5845
677
6788
7942
7227
2240
5765
8406
1978
4878
7043
4516
6778
287
8833
4184
6773
3344
8467
5053
1308
9361
9289
805
4214
5609
789
3122
1323
9000
5560
5877
7527
3032
279
9887
7126
2063
2323
9189
1307
2288
3721
331
5832
6041
4178
6315
749
7025
5712
5868
4170
2404
5779
8785
5460
6705
6028
4177
5785
5593
8267
2929
3444
8094
4391
228
2173
1041
8360
5218
3571
3184
8349
2049
9936
9625
28
964
9635
618
6957
922
3731
8970
8162
198
4538
4328
6424
4365
5846
201
7673
5234
6027
7782
3187
4846
9737
4405
6252
296
8459
7692
5294
6602
413
8597
6569
6459
1548
5718
9215
6592
3144
5155
6339
3262
3806
8045
6972
9185
3929
2127
3504
2571
918
7920
8260
7899
7121
5035
2636
6546
3315
7768
4453
6466
8352
8914
7666
8853
748
1570
3430
7292
5879
8660
6715
1992
9734
6073
9586
179
290
9491
4842
8485
2312
9704
8193
9260
2156
577
4283
1827
1071
4197
2717
9376
2492
3663
6372
4601
1807
9372
9602
1947
5864
2399
4381
162
517
8206
163
9851
8610
1975
6817
9950
5424
1210
1916
7218
3442
4400
2057
7027
8721
4317
5312
5437
3723
2141
1369
9072
5742
2661
3892
4456
6407
4281
8739
6507
6938
3287
578
4324
6469
820
2297
5236
9287
9267
776
1566
7345
3295
7151
9383
4090
5763
2602
3865
7085
7929
3106
2311
3091
7155
8444
3038
3510
7354
8154
2352
9182
6408
6811
7412
8037
4944
3428
3766
5261
6896
3547
1399
5129
7757
2302
824
9928
5016
144
2508
5887
6738
3300
3574
3893
8690
8442
345
594
4780
1390
9393
3728
3776
1252
4504
9955
9686
8196
3288
8654
3483
9143
1492
1342
7705
4012
4250
473
3010
2996
5905
6504
6137
1494
9767
3669
6253
9646
5719
4531
3468
2280
2799
693
6511
2318
9712
695
5182
4206
3059
1469
4636
4937
9017
8513
3886
5834
4975
8337
1250
1999
5269
1098
4153
8729
1990
4922
3103
4307
514
5060
5604
8770
3976
4945
5318
8366
3736
2124
9872
6876
5550
8561
6979
9119
5290
5851
5161
9390
1908
2145
1977
3336
9571
7244
8085
1532
4492
2175
623
7123
7425
1781
3709
7093
8257
7360
5111
1341
6947
9452
4137
326
8451
593
6269
2316
6106
8653
6524
2657
1911
4139
2833
9533
8185
1579
3941
6914
9957
2526
9870
2131
5586
9140
4715
7416
8044
5836
3228
8840
4635
629
4839
304
1256
3388
3264
6793
8424
386
9070
199
1414
1079
6220
3588
6635
4905
6858
4028
9196
7320
1664
6140
6303
6889
1097
4547
5479
7052
5297
4697
8147
4310
6982
4313
9368
6091
1770
516
8297
6861
5023
9983
5093
8279
8592
5669
682
7406
4326
6815
34
1811
407
1287
4825
7014
9639
6141
942
1662
5780
9662
1864
3584
2733
4251
3492
9412
1425
105
8714
3439
7599
1132
9943
8228
3951
796
4804
7606
4490
7154
4977
6428
6117
8058
3277
8007
2077
471
7289
8486
2475
1790
7254
2360
8831
8500
1421
406
3978
467
6010
5527
7644
3781
699
8269
8954
1244
7101
1148
3469
769
9886
2745
5134
1533
1943
5705
1467
2218
7907
4114
3062
1819
2953
2735
5041
5346
9473
2723
5331
6244
9902
5512
6198
5770
7335
6005
5948
9116
4673
3320
3889
6779
7591
465
1056
5558
915
3335
6391
6405
1856
4555
1765
7312
5581
9975
8568
1535
8082
3048
9076
9758
8635
338
6324
670
7142
9566
8647
2128
876
6142
2185
4152
2819
8419
1335
7431
8941
2479
6634
803
3712
9038
3158
8461
765
6058
733
894
1107
589
4828
7784
1239
5123
4951
6892
833
5693
821
8899
3009
2887
8148
8989
1815
6294
8732
931
5792
933
9258
3205
4421
3256
6290
3046
9463
6162
711
1744
1761
4803
7538
538
598
9288
6018
9709
9233
5375
7890
637
1757
333
7401
7528
6465
6501
4488
8023
3545
5758
2836
3454
4527
2022
5457
4587
8641
9540
87
4042
8777
6712
3830
1932
3241
4703
5332
1277
8198
1803
5504
2617
8786
591
6582
5793
3969
2669
9253
1926
5172
5044
7256
550
1238
1351
1780
1453
1099
5026
9658
6855
7309
6646
8102
5976
9271
5835
9245
3694
8798
7252
8753
7250
1745
8259
2557
8346
3796
8429
8041
7979
5837
5677
4575
1214
5355
1612
4417
4272
1614
3864
7552
6907
4523
3635
6975
822
6585
5946
9394
8673
3752
6149
2580
9087
4442
1257
9121
7263
7181
6268
8308
6724
3535
4000
7358
3165
7898
5830
113
7732
5115
8948
7424
114
4474
8639
25
7567
4207
9509
2162
8645
6003
6952
3945
4385
4593
4931
1123
6186
52
3302
9774
6456
1735
9283
6761
1528
5756
2567
5838
7296
7100
1843
1268
3270
2052
4891
5438
1311
5065
3284
1314
494
8123
8764
204
3417
3347
2957
3278
6871
866
9081
6066
2824
5058
4056
2779
6529
4144
1273
865
2522
878
2885
4212
9647
5516
7474
6464
9585
2978
2215
2564
1941
7583
2831
268
6891
3524
4081
8537
2017
8131
1945
552
9246
313
5727
5508
7357
3622
5342
5275
7721
4588
9257
2267
7694
6755
7656
170
6275
4791
1920
1281
6085
6816
4371
7515
8024
8646
2276
6851
8737
4004
4457
3652
8519
3403
4930
8862
9139
2209
7549
582
3401
116
616
1526
5865
5459
6388
6530
9002
2372
7239
8552
6386
4628
3355
7458
7970
8394
1212
2441
2873
6444
7643
893
1362
3426
8573
6864
1777
4233
7572
2489
2587
4312
1863
6506
9466
8571
7147
9122
1006
6725
6730
1104
4933
1600
6622
7543
9090
1830
586
6723
8494
4607
8534
3894
1704
4747
3449
1105
4141
9146
3236
1473
4895
8792
9079
1912
8266
8587
7447
434
6721
4021
5644
5891
8287
3839
5999
1036
7638
9526
2570
1188
8008
7816
8615
7651
4990
7506
1466
1894
5193
4146
1644
3332
5926
4919
5235
9183
9306
8986
3138
5365
5100
6322
6001
5056
2350
8331
7349
1587
7621
6665
210
1946
6218
8046
5329
709
7642
4147
401
3522
3432
2154
771
3790
5902
1001
7398
3456
1246
4424
6946
5325
3562
86
3568
7915
3374
5818
6557
614
932
4694
5822
8780
2798
4160
8718
3705
92
362
2110
6900
5233
3216
259
8631
9832
5784
3958
7944
2955
286
5848
7293
5702
7486
7255
4509
2451
4926
7063
7825
8809
7775
3878
3024
5406
2344
9972
4621
3406
9817
9691
99
6111
1162
858
1851
3628
8049
3573
5368
1461
8374
1160
8705
7958
581
9830
2780
2168
7946
8782
4166
357
7974
5544
5401
39
6574
3780
2689
4797
9249
5263
722
9134
9747
1625
3307
3720
5245
4619
6713
5256
8972
4168
385
4719
9990
1674
7997
1175
9612
3690
8141
2518
3151
1989
3759
4569
5690
4815
1523
3160
8040
8281
8628
2001
6352
4484
2320
7625
2091
15
7186
3189
8609
6588
5277
5720
6564
4959
831
8277
6836
9321
8804
4278
9455
4615
6984
3057
1229
3933
6767
3542
6637
4432
150
7494
6442
549
118
6981
7533
6472
6184
4870
4729
191
8322
1767
5267
322
4101
5078
2458
6446
5900
2150
8637
6453
295
122
3634
9396
8316
1774
3397
1731
8250
6584
2566
8722
6498
9019
8613
2690
8291
9616
1571
4950
272
1233
9789
7922
1330
1366
1027
3732
2149
6660
3117
9743
5993
9939
3777
3900
4129
4710
5594
1111
5189
5371
8565
1709
9677
9108
4449
3065
2506
6138
2290
2865
4427
6722
4316
8748
5179
3668
8547
2256
8621
7783
1226
1544
9492
5991
2687
3012
4450
2548
3785
6213
35
457
725
1756
9970
2730
8892
394
8073
4903
3425
2677
652
9191
2021
8842
5423
3251
4198
2639
332
783
9336
9476
898
207
7438
2490
7499
2651
4606
6396
2611
4875
8409
2262
4411
5977
3855
96
7811
7834
5533
8231
7918
6925
7493
41
2377
8294
2601
6754
4657
7835
5988
8937
3681
1805
8446
7727
6122
3940
8950
7977
830
1025
1686
4752
663
2582
2181
4429
6551
8466
3656
6495
1962
358
2395
7579
7842
3686
6059
6242
7581
7459
1658
9552
2037
3550
4789
7541
5326
4742
4057
3061
1276
8664
1004
6437
3801
2748
7393
6976
6993
429
6032
3246
3908
412
4461
3569
6445
7916
4845
3476
8168
4970
7146
3858
5986
1364
9575
6728
8205
9358
3319
9334
1136
6953
7912
6948
9124
7395
2724
4727
8630
1272
905
7488
5081
5908
4086
1161
9069
9788
2749
8313
9703
5119
4296
72
4762
9748
44
8907
5439
1846
5754
2137
5139
2741
533
6271
2463
6349
5717
9627
2467
75
4629
3191
1763
8387
5875
1066
957
7300
3433
4564
835
9163
1002
7888
6566
5715
8490
9965
7873
121
6912
4159
9563
2554
8211
7067
5807
6763
6911
1721
4689
3649
2738
6209
1000
4018
1376
7526
2414
8881
5441
4034
8006
7047
554
2559
1209
3343
493
9199
4779
8398
9912
2895
9453
5576
2846
7863
8239
2434
5725
8605
8942
3598
575
3338
4524
184
1113
7143
346
7990
6963
5101
8877
7189
5694
1019
2132
6434
9088
8578
6200
1182
17
9457
5796
9623
3763
2140
7859
1045
7884
6500
158
7766
6164
6639
9631
240
8728
6943
7276
9175
1677
1689
3511
3899
7439
2348
3459
1172
9971
5672
4898
8145
3924
1320
2307
9910
405
8106
633
2496
7472
4765
7285
1195
7802
7318
2306
5872
6558
7001
1044
3943
4574
940
7207
3523
2452
5487
7075
9969
9549
8483
5453
7658
6201
4502
5224
6881
8582
6739
2419
9155
5924
5552
7039
7369
1560
1073
9824
1227
8549
1475
5215
2347
2246
1495
2943
2249
568
4810
661
6461
4989
9160
6699
1103
1835
8
6648
7270
6492
30
5517
352
4446
8334
6927
2640
8916
7582
4459
5328
7074
174
6825
8542
3818
1442
9404
8873
422
2537
372
2546
5110
5919
2708
8992
2407
349
3708
7750
3074
1171
6113
8142
2696
5393
1510
6987
2709
993
2812
9847
9968
147
8275
1605
1381
6229
836
4584
9525
6527
5012
9879
9963
2497
9834
605
9178
8052
8477
5884
8469
1613
4672
7548
583
3850
4031
6966
171
4165
5739
1315
6278
9542
4134
4064
3063
961
7304
4465
731
5266
4843
7586
4515
8814
2835
5637
2109
7097
7251
3797
4774
8883
7024
8255
4622
1974
7560
560
4946
6419
7724
3204
3553
9235
1377
2076
7717
4507
5895
8232
5761
9405
6992
1194
7382
2379
7339
1639
2431
3293
2397
3218
767
6362
9855
8694
4979
9465
6936
4713
4510
7985
6112
6070
4520
7173
7877
1727
5389
987
5443
3514
7267
2845
9078
420
9609
3631
6177
1716
1707
775
4113
6258
5874
6204
2252
8787
3616
816
2043
9594
3173
7817
383
9956
2487
4735
9427
9605
5497
4698
8981
5778
2987
1142
4242
2116
3832
2959
9896
610
6652
4485
2818
3968
5858
5007
7959
3811
4346
8218
3238
4339
5429
7137
8173
4154
5577
7006
6806
215
409
4665
2997
4286
1126
887
3809
7853
5303
6932
6762
5869
8223
843
770
4238
9530
622
9207
8668
6605
4349
3527
548
2589
5477
7934
6007
3164
7205
2247
8062
5211
8497
7791
8693
9673
6323
5978
9546
336
6116
6528
7674
1408
9796
7740
4503
511
9063
6657
718
1589
6163
3199
8363
8800
7749
8851
720
42
6626
5013
4885
189
6898
8355
1106
764
7295
8216
3474
51
9813
4401
2615
4122
2933
2786
590
7215
5909
7082
2134
8821
1046
6099
4934
8848
3600
1068
3415
1520
7160
4124
2271
2026
9351
3227
3156
5975
5360
1913
6548
2148
18
1032
339
3675
5363
7736
1093
9544
3593
10
8946
2322
675
6974
2632
2956
3939
7546
6969
9326
8224
6760
8160
595
6517
9682
436
4294
3580
9763
8448
6440
4760
83
1921
8077
1643
1971
6611
8939
9852
5979
7496
4856
9224
1140
2504
3105
6412
3860
508
5011
6212
9297
4097
6291
544
5340
5166
9853
524
8481
6239
6374
7800
7968
555
3869
4714
4180
9559
4954
8622
1065
4952
9574
7761
8473
1010
3586
8272
6404
9317
3561
9277
3178
9238
6206
6078
4181
6326
8980
9109
3083
8791
3938
8591
7875
8700
5622
2888
8744
9651
8004
4577
9587
393
9474
8039
9302
9708
9665
7375
9802
6280
4966
5947
3906
9981
1328
2494
4513
1267
3121
3564
6102
4423
6577
4916
7949
1024
934
9490
1816
6706
1874
7933
7114
1015
6439
399
8672
9508
3890
6965
8126
9786
2375
8375
7033
101
4477
9534
7803
3885
4826
2208
2378
4813
4265
315
2417
1959
8103
6409
6421
6012
5546
5419
8063
6924
1552
9085
2507
5952
8373
798
3487
8824
4167
4384
9348
5463
6346
2136
579
2729
5074
977
6604
2900
5388
2732
9192
3676
5782
8447
1878
6959
9985
1080
6448
3317
4918
9176
7511
9479
9250
9680
3856
2703
4420
9442
2853
9353
2310
5063
2281
1485
5116
1290
7852
2144
1334
2153
867
5787
6671
7770
687
700
5309
5272
6232
1820
4957
2462
1651
4393
9237
1713
7332
8055
9697
4663
7460
723
1930
7671
7963
9610
2558
4686
2139
7691
5525
5956
5791
4255
5518
1206
6082
7236
8285
9269
4257
6020
2864
5151
4662
7988
9850
7117
9329
9597
5472
4829
3883
1484
8817
4745
8661
2658
2914
4351
1026
9539
2947
365
2795
8783
6718
2196
6640
8476
3965
531
9285
5221
6332
8327
7969
1016
3637
9096
9876
9107
3000
3045
7273
94
3539
5617
6236
5377
6133
7714
780
1248
9998
288
9720
1838
9052
5470
740
1416
9889
984
4986
6941
4261
9944
5082
8772
7517
967
5430
8525
2235
8032
6277
6189
860
6399
316
6006
5803
5230
1822
3898
9785
7728
8543
684
3396
2027
9867
4894
2851
7260
9330
1005
6799
5491
1054
6355
3817
2592
9180
7814
7175
4807
2286
267
7376
6759
9632
5028
4512
3632
6885
2758
1203
5295
186
1898
2962
8323
3133
3916
3624
1174
4370
574
4494
2304
7437
8093
4062
8823
6997
5913
2998
8859
3079
8514
3912
6494
9595
5856
1831
4431
3982
2562
6246
952
2568
3466
9547
2820
5395
7837
6430
9332
671
7622
2629
2810
9382
774
874
5469
1976
7353
8805
3844
4675
5064
2543
7628
9618
1215
1806
5157
1178
5697
2275
5523
9565
7165
2511
2432
6406
5972
6497
9551
8180
9797
353
8857
7495
8430
2227
5168
9538
9914
6159
7568
5769
6886
9966
4683
6833
2219
855
6930
9689
1264
8838
6090
6250
1766
1638
8754
273
7893
4437
3385
2893
9874
5366
1297
5553
3915
1400
8620
2025
5680
8626
1101
9582
1394
8879
9583
5798
2383
8935
8214
6619
5156
2968
3257
9075
8377
2963
2952
4940
4073
8795
5903
2536
3258
3168
6956
3267
2097
5938
1810
7200
911
7176
6684
908
4590
6068
3419
3348
7904
4793
1759
6438
6249
7388
1183
5223
469
1361
1543
1329
7134
4454
8919
925
4397
9581
3822
4508
9364
2228
4023
7192
7272
9904
1033
8031
7889
7277
7301
1879
9859
10000
3058
5579
7275
447
1817
9883
8825
3774
4897
9431
777
4055
1411
604
5549
1897
7411
1347
2966
3330
5213
8079
6089
2368
2572
3592
8227
3840
4591
3703
32
2031
3294
1157
4582
9056
2600
9278
1624
7588
2214
5589
8667
8288
5535
9484
7222
7650
880
2321
8923
8076
506
5665
3617
5786
4241
4671
4545
363
3070
3888
6016
1698
8596
8456
4125
4939
6151
2439
1984
8048
5951
7364
7992
9159
6526
5814
1994
6382
1296
1255
1279
155
4676
2510
8042
5815
6700
4669
9690
4085
758
7182
8068
2231
963
9369
3054
2816
5901
6949
5781
9310
2402
5773
4468
3891
5643
8555
7064
5244
6304
6608
7564
6298
6964
2099
1130
5364
2964
7233
4882
9434
602
2003
6753
3532
9436
5276
5314
2607
6623
4912
1319
1145
5411
5370
3203
5205
5339
744
9114
838
8854
4471
9792
9469
9892
4249
6365
4333
5600
6505
7534
5283
2621
9418
3923
7611
5880
4202
8163
2013
3298
2670
6672
9877
77
9419
8482
8768
8262
6931
4800
2385
4115
9811
1944
9891
3659
6475
5678
4158
5138
4
8896
5747
212
8532
1823
9835
9205
2756
5321
6857
1353
1249
7011
9986
1518
5229
3859
4200
4330
1176
6369
8897
9668
5425
1712
4096
66
4164
6228
5698
6000
2216
3876
7138
2339
6267
994
4378
234
8389
7696
1496
452
9775
107
6839
6081
8789
5350
4489
7542
1892
8955
6538
8516
2605
6745
7420
8312
9350
8973
6807
6744
1474
3202
2409
2985
4230
904
6682
9147
9687
953
124
9903
1626
7087
5362
8911
2674
3533
8900
6709
7739
9406
6560
678
6968
8367
1144
7976
975
8100
7031
9702
297
8189
5514
6802
5144
9848
868
3368
2682
7334
3963
1577
3540
3704
1398
6255
3490
9324
3984
5882
3970
6417
7950
2742
6756
2472
8657
8431
7709
9620
1567
6193
450
1181
8435
8170
3219
2401
7453
1313
4844
8670
8069
194
7941
1440
6544
2817
6674
890
3421
9742
4741
2925
321
6443
5112
8890
9046
6039
9444
7661
9578
9622
2298
7115
8880
7282
3098
4879
3913
1726
6217
3991
9032
2977
6534
5639
76
8863
8306
6903
9255
7930
7507
445
2757
5642
5686
6188
5959
5330
7433
5732
566
9535
7818
3771
1131
5258
7019
102
4244
5996
368
4642
1906
4376
8861
9013
5286
8210
7184
4561
8195
6643
4566
5492
5405
3314
9701
2065
5645
3447
4646
6502
1117
3411
1435
1633
3310
6178
3502
2793
2721
4363
672
6681
8054
6368
6297
5416
986
6240
7423
5029
6224
6210
8548
3678
4439
5859
3518
1237
6670
7578
5498
4460
7996
5030
8545
4781
1556
6933
3607
7107
1798
9026
4006
2783
152
7310
3480
6832
2659
64
3987
1618
842
991
5237
5455
1261
7283
808
1758
8556
9460
7845
2133
6223
9977
9341
4300
8850
8464
1734
6095
869
1465
6654
7654
3813
8975
1925
520
7630
741
2740
2261
1794
4788
1069
916
2212
8273
5603
4329
6075
2004
6416
8845
5073
226
5683
2239
4271
6086
2995
8369
4443
4604
6215
6613
5356
125
7452
2622
263
3386
6653
9512
275
2138
9770
7573
6880
5896
3509
9656
7337
9924
8735
7662
7551
5020
612
5987
6119
9138
3198
7956
5899
38
8629
1957
293
7124
2646
1546
6202
2750
7937
9322
1133
7925
3244
6863
9284
5528
8663
109
4088
742
2194
9541
8086
3327
3770
2907
222
4790
5001
8695
2075
1477
4487
6261
9053
1392
9414
2545
8738
