1197
700
1533
281
679
549
1411
1682
1540
145
1935
1933
1070
315
963
1286
923
1632
1282
1733
1072
1585
1866
1957
707
1595
1600
1169
720
859
523
1945
596
1212
781
1396
1806
1062
1303
1991
885
1783
651
1586
928
1812
1042
1718
1370
1177
748
136
1482
49
1992
76
172
854
577
501
61
1729
823
1617
1844
1069
1676
14
842
801
1491
457
287
484
1492
454
1304
1270
1551
1136
334
1378
634
163
709
1090
1687
1904
340
412
1527
1063
797
298
733
1736
867
228
1180
728
760
1574
1557
866
512
1735
1711
616
416
22
1946
430
1579
95
75
402
1848
206
557
229
1366
590
227
1260
13
832
1153
1420
1285
335
984
705
496
1697
398
1985
1373
1993
1178
1610
1331
755
1829
633
536
487
1608
696
524
1494
309
1466
1819
1265
603
1322
188
1216
1550
148
884
238
924
1114
396
1200
1134
1257
1462
947
119
1273
665
1389
1894
169
935
1651
1880
1219
562
346
1822
993
647
279
271
1126
1426
1906
1544
638
1843
890
507
1058
1292
397
1351
955
407
1240
207
1698
1782
1816
1652
1802
637
1249
101
120
1767
1831
1779
724
134
161
1555
1150
1033
1858
156
1808
1728
600
1390
944
1314
509
950
717
1771
1952
1659
1661
1418
1790
830
1605
1511
537
43
1692
71
205
1734
506
1559
1464
1056
1077
278
1218
1683
840
1840
513
1410
212
162
1386
173
754
1053
1506
559
158
1892
135
191
316
1876
1338
1238
1793
1076
388
268
529
266
1850
1572
1704
1634
740
109
515
982
892
1523
1688
915
96
721
1436
677
1537
1087
1487
1577
1739
20
810
764
1160
214
640
1084
1965
817
960
1066
573
1919
1905
1398
681
1560
803
1732
894
1387
143
1863
194
1607
873
265
133
2
359
353
1825
635
526
1299
1797
1133
110
1700
1071
889
1431
425
1065
1078
1182
786
1425
1769
456
1931
1364
1867
1082
1898
783
438
260
1041
409
1297
1854
1423
1868
839
1501
289
997
193
652
488
1941
804
601
965
1738
121
899
829
25
569
367
1623
649
1347
1201
1336
1428
458
1584
307
1231
831
1045
1295
280
1805
1308
847
1446
1244
1628
1163
23
1759
341
242
1835
1232
31
518
301
1214
1043
1580
1809
1277
421
24
1323
1680
127
599
1187
1213
452
1516
1391
1409
1017
1413
1094
1869
435
1852
74
1468
318
1715
255
453
883
795
929
870
1008
1183
1981
1376
176
1057
1158
183
1098
337
1380
58
1251
676
1275
115
553
1746
942
1667
1
1262
858
1606
1128
988
1685
1307
1723
36
224
1521
659
399
1884
1828
787
195
431
1838
1222
1044
1515
372
137
1102
1061
1871
1171
1330
712
174
470
1657
525
1731
1879
467
897
1611
699
583
1597
1035
1229
1950
1455
131
1530
1173
324
1703
800
654
556
761
1496
222
1791
1476
1274
1311
742
872
1998
1055
1532
954
1034
961
1129
949
1955
1350
149
392
1122
1753
520
1144
1637
86
751
508
749
261
365
114
1895
415
605
1552
420
45
67
1966
1342
1798
32
522
1164
1156
934
111
369
1005
304
1287
919
60
543
752
953
249
1576
217
571
56
1624
1662
351
711
12
860
1725
628
211
1291
1989
1901
1658
1780
1406
139
1445
1075
814
1784
930
1677
414
1803
11
1209
1400
130
561
78
567
1049
39
931
1730
1972
263
1021
50
891
180
1227
682
1302
1882
77
1988
1131
544
505
499
208
132
62
1755
1233
827
1712
184
684
1519
1243
1817
345
1788
1807
550
504
239
694
1663
1699
1294
382
1604
171
767
586
946
629
1538
1631
663
1374
1375
688
1383
106
715
1927
292
691
164
1558
1893
1123
1271
190
1800
142
92
5
159
1116
6
1092
449
1457
1564
636
1004
597
1507
1896
1085
970
1594
1645
1591
563
256
1475
1313
1775
489
102
1781
1832
1086
8
258
1897
473
1211
729
882
833
1804
1640
364
1503
1792
565
1986
750
1813
1382
662
675
486
286
1670
973
609
319
1620
727
247
1653
964
411
617
355
1168
1535
1666
1421
311
88
1565
668
429
575
216
921
1349
264
325
403
1820
1003
455
383
1542
619
1644
379
237
479
1412
46
1253
612
474
329
1254
1794
1392
1060
1655
1452
1453
1198
1438
917
1332
774
160
451
1581
437
57
104
426
1836
1484
314
1124
1635
757
701
1690
588
1616
1112
1740
975
490
1353
1497
618
1268
902
377
1498
1223
1885
1108
1512
320
732
514
350
531
1001
1463
1834
38
3
225
671
1778
793
1450
1846
517
672
1002
863
938
1701
87
428
1107
683
1333
1930
987
1480
903
331
1138
1145
1630
594
1633
1142
154
63
1488
1148
1048
1979
68
1028
1247
1995
1097
1763
472
837
1566
1018
55
391
105
1261
1424
542
610
909
352
1980
1874
1184
595
1194
1877
1752
641
1174
1849
861
1705
1987
155
1117
186
1887
718
423
1926
1961
952
710
555
886
1569
1923
739
122
1748
1469
418
85
1118
362
1388
996
1121
1422
772
532
282
1155
1613
1474
1878
1416
986
1137
1612
297
424
971
535
769
978
389
1414
192
1947
1320
471
789
1024
566
1204
404
1210
880
1583
828
1722
1361
91
905
956
262
128
363
844
1684
551
322
1593
1040
1619
948
1745
1513
1514
1545
1713
1046
1909
1417
1750
1762
1358
1716
1132
849
1242
1531
650
288
485
1456
539
1693
283
685
252
1984
1549
1461
1855
940
1954
168
734
1324
1433
1176
678
1309
1742
422
177
1999
347
871
393
253
1766
697
593
1764
107
1675
373
957
202
639
1968
540
798
434
1920
574
704
380
1279
906
763
113
1573
1328
874
1647
1936
1289
744
1290
1875
468
1172
1963
611
613
1215
1629
1758
1799
277
1191
1508
1615
272
1256
980
580
926
251
1038
1982
1499
1547
624
1235
232
1772
1815
1258
1975
985
1051
413
791
1673
47
295
1596
655
179
1818
219
376
1207
669
1951
469
1343
371
1860
233
386
932
541
936
1363
848
912
1691
811
498
90
1525
1821
765
1934
400
1154
1710
773
1110
1011
259
1789
1441
1269
1626
708
1402
1990
151
1801
338
1889
527
775
445
51
1179
1760
1106
916
465
706
1007
495
991
660
53
1810
1648
1140
995
1639
1796
1381
632
157
1019
511
185
1321
1385
1470
1833
1139
1006
405
2000
72
1582
1853
1717
631
44
878
231
1016
1259
209
1080
1230
1795
821
199
693
65
196
743
1971
1720
1721
1862
1355
591
981
1352
1226
1964
747
1765
317
462
1948
838
378
165
213
1189
1956
1357
1379
1408
826
841
910
1120
1861
558
448
1851
805
1267
579
1786
1845
572
481
15
979
1546
1029
630
1031
1341
907
604
1959
250
463
959
735
901
1994
1943
1865
1641
1915
686
1465
1149
1448
759
290
958
446
1969
564
1824
1199
94
689
1394
166
117
1592
375
1660
483
794
661
16
776
1747
1870
644
1264
1359
1638
771
1369
1686
1520
554
1709
1393
203
876
1430
1096
1346
855
356
516
578
170
1916
64
545
1312
1224
1372
820
370
146
1479
1013
825
622
1440
394
1960
994
1938
1925
1419
1913
908
1460
568
1649
1054
1377
1694
385
1161
442
70
974
218
1668
1847
703
82
1298
784
433
1074
714
653
275
1399
1757
737
852
1603
167
990
602
1599
366
441
853
494
234
1902
381
1073
493
1208
221
1052
123
1159
1534
1064
1614
766
248
296
646
687
719
865
1627
35
1526
1939
856
1917
1563
1305
1776
951
118
598
606
1940
998
1263
1811
1217
395
141
607
17
1924
1429
226
725
1839
1434
241
1650
1517
642
762
1495
1362
1830
807
1883
815
850
492
1245
48
406
1130
620
1317
726
1522
1467
1751
1326
1147
1890
730
1105
933
658
1115
895
126
461
1856
806
1442
818
478
178
1707
1032
1598
621
1079
1910
716
124
1562
99
1588
235
1015
1541
147
1023
1837
1397
79
780
246
1152
1656
108
477
1654
966
1009
623
943
1719
28
1903
738
1368
851
1490
1907
360
625
576
898
1089
1636
210
1944
1047
1310
1548
695
1481
1339
27
1367
626
1281
1196
1030
466
1365
459
1192
189
785
1220
1296
809
1679
1976
1449
1185
1395
538
447
1435
273
294
1609
1505
1504
1578
1371
270
1318
1175
1689
877
547
308
1020
1643
1432
1293
802
1618
834
1928
1486
1724
374
285
384
680
93
1337
969
1193
1826
333
1510
519
1166
1241
1741
713
989
358
1727
387
937
1067
9
1407
1091
305
1447
18
1327
1502
1306
300
614
1316
66
1601
419
1088
1827
215
293
181
888
1983
332
627
1962
1427
1646
1236
89
98
1478
1157
84
254
1454
1203
731
822
582
1911
500
1589
1773
1528
722
342
1162
1059
1706
1485
1881
1384
999
1026
103
824
1237
1524
274
1774
1888
330
40
1109
808
59
1405
1932
746
257
896
327
1165
1554
475
941
1221
1083
673
83
1642
323
1842
52
1334
1000
1859
328
1665
100
1570
869
1252
1857
182
440
570
1301
656
321
1188
741
69
302
73
698
444
1127
200
939
1674
204
1756
862
1401
1443
1958
1973
1181
1036
1996
417
816
1575
368
291
1590
326
129
4
7
357
1899
723
843
1714
534
1300
1929
690
1567
1119
1743
585
1621
546
1918
1571
1669
643
967
900
240
925
361
1561
269
1726
1754
1025
1744
198
54
344
1864
1509
1708
1012
1493
920
450
962
835
779
243
1702
1141
284
887
1695
175
1473
893
819
510
1186
1125
927
1022
1272
303
1672
140
1246
692
788
881
1205
144
584
521
197
1329
1451
1095
911
1536
777
220
349
875
770
1891
1284
1228
782
1823
1900
1678
1459
913
1768
1841
1325
548
343
432
150
390
436
664
745
1345
339
1225
1113
702
1234
918
1283
1967
1671
904
666
1195
1266
792
1977
813
1483
1749
674
868
1014
592
464
736
112
81
26
1587
615
1206
799
608
348
480
1360
1921
1068
667
1103
1974
1037
1681
1997
922
1458
645
138
778
1472
1340
1664
1568
1872
1622
1170
968
1777
33
476
427
648
313
1319
976
80
10
1404
1248
125
460
306
1696
1543
589
502
1539
972
768
1151
945
1280
116
657
482
1356
1437
1787
1937
312
29
1785
1344
1143
37
581
410
1255
756
753
846
276
245
587
19
1529
836
497
1239
1278
1518
812
977
992
30
41
401
1027
1111
1250
503
530
1050
267
796
187
528
864
236
1403
879
1348
1886
1190
914
1039
1146
1489
1914
97
310
443
439
336
244
21
1770
1276
1202
354
408
1335
1953
152
1814
1970
552
1288
1942
1912
560
857
1922
1135
533
491
1500
845
1737
1625
1908
1873
1553
1167
1978
1556
1439
1010
1477
1415
1100
201
1444
1315
153
1761
1081
1602
983
1104
758
230
1354
42
790
223
1101
1471
1093
1099
34
299
670
1949
