44
462
538
406
398
846
186
75
993
599
890
916
291
611
206
344
585
897
66
690
637
426
468
147
158
261
248
817
542
776
899
804
364
329
260
495
805
33
310
716
626
900
615
561
241
496
950
233
450
628
430
178
715
407
383
714
216
933
753
287
161
726
337
754
792
415
594
654
929
636
50
885
26
543
648
348
676
77
192
168
607
582
813
181
199
766
108
382
669
371
244
238
598
52
292
311
306
454
60
130
869
211
184
191
321
861
836
949
631
177
234
811
351
156
873
313
920
369
460
109
2
528
667
839
267
235
174
256
134
114
944
436
335
969
936
447
312
534
187
826
823
474
449
932
502
170
47
255
584
623
79
129
470
304
971
841
574
456
418
363
485
8
106
620
326
118
702
756
760
41
69
986
914
541
522
500
247
325
284
154
465
205
466
475
712
747
838
784
998
905
491
305
182
258
926
724
441
647
330
200
855
779
273
675
112
789
694
138
378
20
92
361
64
580
513
210
467
88
4
600
995
918
818
22
803
956
13
53
6
490
27
431
824
297
732
557
145
684
630
659
641
837
21
62
163
365
419
963
862
868
946
98
115
617
709
578
78
506
268
908
135
677
123
595
453
334
565
198
656
848
591
478
482
721
29
655
394
866
923
370
386
413
653
226
213
459
682
800
878
293
537
49
96
842
298
917
710
489
254
251
228
857
488
472
144
9
458
746
847
442
209
322
405
550
280
388
503
735
107
275
906
190
992
132
105
492
173
589
736
422
61
111
696
553
562
605
417
686
11
523
701
633
476
559
572
429
354
687
978
799
731
94
664
976
272
473
299
155
535
440
70
674
981
825
494
937
539
103
935
844
961
374
24
333
253
723
391
540
898
54
770
121
366
345
18
143
352
317
603
571
125
164
343
316
381
136
497
703
288
519
577
558
296
782
874
909
40
102
250
116
358
809
339
729
705
15
968
332
469
203
223
556
700
975
629
320
744
876
117
514
843
350
195
564
942
400
680
373
167
627
941
37
204
612
336
832
76
845
511
982
755
681
915
43
395
93
295
547
73
875
891
685
487
767
95
650
56
601
590
281
171
959
808
437
745
152
927
924
294
445
515
432
493
774
822
1000
596
342
939
991
834
606
278
367
693
346
698
739
587
719
666
403
743
678
821
71
568
428
894
881
408
36
424
57
806
323
127
520
265
955
990
934
697
925
720
283
569
347
624
796
609
477
444
481
463
30
952
948
820
781
416
91
621
393
762
921
104
221
549
402
356
672
570
850
996
708
997
392
786
573
618
300
308
165
439
189
831
954
448
357
461
303
45
644
751
188
791
282
319
243
425
162
828
830
368
544
928
877
35
257
640
985
25
581
484
711
215
517
777
1
527
169
851
89
217
576
660
688
353
12
499
819
100
829
230
592
738
854
551
279
28
17
160
752
643
128
532
567
706
498
903
411
593
166
360
81
651
433
764
376
560
671
602
227
276
159
126
833
940
46
860
945
150
501
324
83
157
814
309
689
713
977
953
613
750
140
331
427
175
51
377
795
362
420
662
810
48
301
930
480
740
315
508
285
471
521
787
434
72
14
901
597
525
39
16
236
290
827
536
858
970
149
271
34
341
97
801
119
967
505
849
989
737
943
385
649
960
59
965
957
180
749
733
512
10
42
242
788
699
616
38
225
7
815
657
446
208
658
863
879
404
867
988
545
798
262
772
728
892
913
389
85
691
32
194
622
372
652
619
902
379
509
642
224
314
340
588
410
110
530
797
438
63
778
802
663
68
748
148
207
646
327
355
193
137
176
504
555
380
133
958
546
893
887
665
994
635
524
793
673
883
922
479
151
638
964
734
84
835
758
707
610
931
759
979
414
229
80
856
399
840
889
131
338
962
464
269
141
218
794
451
575
775
919
401
452
632
302
5
219
548
852
980
765
907
661
153
185
790
396
231
518
625
972
397
531
579
639
983
423
695
563
974
951
999
507
947
583
122
239
888
704
938
722
533
240
773
179
634
604
761
692
67
263
645
816
486
608
222
19
421
214
249
65
870
882
246
730
987
87
252
742
727
880
212
552
812
859
763
614
172
86
82
120
516
864
718
757
785
670
196
277
683
31
973
146
409
286
90
259
554
807
387
359
526
783
328
510
586
853
457
865
3
289
966
124
318
99
412
183
769
872
529
679
904
984
780
886
197
274
55
390
23
237
375
910
202
911
884
725
668
896
232
384
455
201
741
307
245
566
483
264
142
266
220
443
74
139
101
349
435
58
768
912
771
871
895
113
717
270
